100
923 678 63
329 239 132
115 799 593
313 784 377
91 253 782
14 640 136
91 811 901
805 600 425
628 716 840
793 579 43
711 501 72
773 182 311
904 296 461
849 960 245
577 403 849
358 416 488
846 858 651
98 14 250
874 642 966
713 434 896
107 144 748
178 268 929
840 523 576
301 723 536
545 300 938
393 9 705
233 206 563
883 303 576
132 528 569
449 592 2
696 698 497
444 228 764
724 419 639
652 719 361
539 615 660
828 360 21
532 592 226
446 826 881
22 309 760
942 758 352
944 805 49
792 600 628
908 324 47
546 327 117
906 865 732
918 692 443
938 575 386
515 21 211
747 394 519
507 335 628
858 630 433
258 774 32
886 681 707
284 578 385
400 483 601
483 752 292
925 41 219
310 556 239
872 302 984
391 808 318
370 17 300
802 275 73
186 512 753
244 147 330
981 898 164
581 381 916
225 657 956
443 319 863
33 190 517
16 580 676
333 950 693
984 103 319
56 640 830
808 236 328
489 216 225
5 796 605
272 20 614
579 814 932
442 846 121
958 861 53
985 546 2
677 529 456
995 585 448
176 744 683
503 585 898
80 941 45
684 212 417
649 790 230
580 583 76
701 892 288
753 877 185
106 905 714
913 252 650
360 427 745
42 282 681
291 361 621
688 396 184
104 45 974
333 976 908
760 676 152
10
971 944 439
639 14 687
770 461 60
668 875 39
288 424 557
414 36 122
999 3 3
104 525 262
11 626 28
127 23 110
