99 99
281868247265686571829977999522611464285871136563343229916655716739845311113736768779647392779122814
312329463718383927626571573431548647653632439431183547362375338962625957869719518539263489892486347
713288936885417131347396232733384379841536946456559278578649847962736776149672397912838483354721983
337831775775463524469464724589513283937394518569873819951388336334394124262997972259855653253775883
384478577144237229472497644932257365119583715494139266899182994739918666834143543238728694684934724
377639141164477946775233316655771531212327432823278661768193367188288317829789194869615514517126834
432211888568822572799837638988129919995828419535414184726414984874653813743463873152491832937385749
737991934391393212383483181335917674454753579791926232411243611176281665612468239742951764712816435
261498532444197189156226374984477217767979378854756165491868296984459844779354699913542527124482897
578755657797485718838447555714261913368717253624376187741981194164267748253494528927661438535638125
786398527668557991933555726397764171922666381979861185656953637714893748366233816894436722152739889
151966376655924254595479322397283276573815316428746983913839627632259249447166611218376559281942836
529562947697627244767475547437959793876333964555621146469199785432488918384438968759385184939253281
962667797463247865361642356564447393943676669246669593636259381187172318775688923942992387323392196
215972237116391269298827826723213689591291797793719368941399518646585393149598648564436253171834262
768779628572115547859137199413359826565411311832514316983692726676932442249221151479845175246692262
183996898891745428893327754641748935384874827338817926468722585157656941329732389851486145281575931
392311973819884691174599626816646744828898574942926163994685226599851738385556427922311446848285959
799595147458937836669333849334913652234856548291557557531434592766777832473172826542972115264317654
335252456336967854735948268832134556488122485147311584398871773227564443351732259297496264238221774
185319172985882629233323235979375775459545733962874113396581218653186719389555731818237565553127493
773698423683653464187312523231297334145212246589667377226528335956349739844289123529149661381576177
129713899711851754499497542858339297287135919763199728449394126734329912471146143712525544623163285
155262275556634755176247523539934221125367899253439941462722484714585728578273415286223262197357694
175899616635843532528435159619914263131763954977126638231181758865875928283677156628519387441926211
499385322125466384212643625113859657177358594192213144483884846791215818555634622823951116481939757
215957227558411795576212275827447811639154974921268776762253884343173985372441557132698581848949257
443959863917487534379133835649163335912299618261367171131584487589971167838622627124835871129747733
528998559682261353738819583933254121873611525559829471126126318519576637476821771717517816426967884
346781362427267816384895581947161636443574969527153439955748445375818143238858353375248612336553912
695615371193319521369582834894733992528325323165178994876933416495524125456659854633987388628955287
568993345928461438966795568974429317311879485438922481616493522542949996635245724852612938279391283
859223414875239188978663363258412321368725225923797551576768498317113873374763712234279535365863563
648845281431443759679273458672635486894626457499466151485221471699378427152592515819945246271319235
776551497327516499813237338228685917855556116625584694126827553754536958358718946375675946688753873
246971649411945499673218172158261747598218999417274264149934748789218716475193717824395287348886785
353869158428111217796499387635868122136646524344981329225968244933915568181412589518331794585667957
272889698736476276953379825317894979837679914412996111962269849234997632511841917385471385348269556
916236219918616942777272185717385877567255986677732448346715411897523135511866618722654922243229851
853173966524166928397311531283257232327846121422228649569375569981119664943974966717454378825511581
544628813377657362496377525573395456934339782497536831573797724248538732697516237819835894374665297
148975626138789452819146279698399886427798546288449121437386995871581259912499211813843672241525364
168136266866647631965878891314417381694257699352125499279987227826683876335237129558564249858511856
233554956457312956369922762536126269534866696568862553627679951466318472938454229462412146911745343
879859685176789739811482255667922896862149487159811826941376946835588462378173752543114932395865481
926953738773834215595433918226397889952727789279697149317827426982876825581297837341248717249517672
953478568921652444214795646373465419233724668573871941392899813143733913366983259941767926676877941
918942539624316489159786142633614295355916434749652397972832182492694192412676518547214185383211167
476314568899421811228424734541957485719666395375364815258672466892352915334731357615229776612969294
164694966868338727663921817796119248335688411979715996785454744737568726645432271649125558832194527
179513943858892691126876773914618338323615264321212569124314443175897135441751661716687185299494781
462695457413451898376886515673687746158796812861797153491937983644149688366233272674623783251522693
559155765752887256294488217274499114658823172564151268759566683583725514581614718794669385651879928
468694634812651185711945131722536285335715861746287981361332253541773321777548237633458558461425589
511665187679139352194818757973894637113771573215282553125712188222892178194282499634633113988799877
852441736866696756154322971655318452222885245719313524611744274916818784397545444483651494511989549
125422865278595757586844719434123532625839458893549891368298379523652832856635766445449966784723756
646721172347878183978634795941592243249162746423627279346819666759741456597939288675616264997542314
126775248834689847263639353351662216427219468139743995631635481371911618422924888257417249775592461
238949138514398746539494933849659423123843241722164772142215167788987279263924127393476584761238794
281115496585312527845312122662979887195443861882555753852817974859438863156113957422484562938382124
891173553745454389613795512413881677623886199427476645963113369326857113412323857491664964267176451
831161991953682427811917584136288994861845191123571641389499985772138912498399544598496133791266458
247156853696934761242411325659241843218465837281294314234688581364362197471868985185398654279276482
568394189657154371834158964572437137435369842969959354948375485187599733486673547252643269476954612
474629354577982823138853448578613752656973562623724378619446995279214788834763734169627531921415125
271953129389475334866855666845252224523222156666949492867221733654173384289523296835118531691635119
127534263452734235887624674955846486592716977389545994149534987593849129486113844134545487553173354
335971452613925166594946143358658945978818187483929282783117652424788579157883862871948227779691768
683368744719964956547285134897755751323791486658299898171267813175917956962324133799597393173167537
929386287588657584983268244974463471786444996422821114638795118325184617794243394173545112592324612
969429531739946969468387286346311222162124785478382189596239738549634515781227823911759349922766516
836194193775945917632631574822475172271525989257621751595985892399526368634549271935772147537434355
788341662557539776778298841166512233996928651596861481244347676568555827659578163878892994558174626
298633571154341197396421225376863496721536657646245776665181544784133975538962575859285781514862264
551771365499672589738778264358571336459698533762632289895297745657282128769935895113782989631885391
382158728217786932927671648966982976545363118471562127161654943117451784962899825825391345416427139
297373559412661188889339768272168865817826782561356978923737643598777558826973775272942914655874522
944724291265659553642886361782676937346131485317679537851897752354855267993394738671153913467589945
248935932315849633923258675466889451643753217279448431187392877889843125236621334176852572456115766
157368697621995379394226597773455878647298277472379681227684728286127736441856873519311948418214585
238649435989338258949578378624926758481888611495966814628257348783532387145874147637766562363132272
199774238333993446199926298184281256368862858192578467975683779782388972157644581496871316474329438
923295658974714378198735834576345354816474842948758398752896519933481738189374826443387266784485693
743351255534875171787233361737872194916248493817955445672542998887975566296466238463999141921796293
446134477769593562444335192688631913349913833886191423691558488488612489641638337347376329257965814
742575525125546243673587952312665519731332773477634659224343478628398421365692142294116217445276713
544541897971988366687498826266527641428295962567233863622937556921859666849986598752923113648239984
748112179629292363552713323292463263368999616831855915934331466671776544214665649127318411546881855
378686729272953651492425771763969696967985177133159988345318682541817675879552564253956384149161132
788944868822235419737918813925161662947826747257219697576567741716878339911626314973499944415553118
631621471771145382175223665745516547473237932569646955988353571114648651342265818371768682626626779
312444339729546511146997637292933144266217851379173473915623783974387777462366243277267797775942158
725438354845861456126561834738597111833185571313985328392444392792753158583313579778695528827984267
249967366381968795244895394789471366869297961549831288727163777573857746422563244142811386553291253
825256279474577555573295282296367779387914138573937226634751156722729217321167347938392644658197268
856675472173645462396448245639414849374262423937164497998551479753478894735727411841347282998843988
767137397727878692317486161156892392898577954784712229696418988195975522384632979298158468154833127
.5666847356225114939187118639726283644348941248319225626586458744795219773584425114573891513375454.
0 0
