100 100
-185 -185 -185 -185 -185 -185 -185 -185 -185 -185 -185 -185 -185 -185 -185 -185 -185 -185 -185 -185 -185 -185 -185 -185 -185 -185 -185 -185 -185 -185 -185 -185 -185 -185 -185 -185 -185 -185 -185 -185 -185 -185 -185 -185 -185 -185 -185 -185 -185 -185 -185 -185 -185 -185 -185 -185 -185 -185 -185 -185 -185 -185 -185 -185 -185 -185 -185 -185 -185 -185 -185 -185 -185 -185 -185 -185 -185 -185 -185 -185 -185 -185 -185 -185 -185 -185 -185 -185 -185 -185 -185 -185 -185 -185 -185 -185 -185 -185 -185 -185
-333 -333 -333 -333 -333 -333 -333 -333 -333 -333 -333 -333 -333 -333 -333 -333 -333 -333 -333 -333 -333 -333 -333 -333 -333 -333 -333 -333 -333 -333 -333 -333 -333 -333 -333 -333 -333 -333 -333 -333 -333 -333 -333 -333 -333 -333 -333 -333 -333 -333 -333 -333 -333 -333 -333 -333 -333 -333 -333 -333 -333 -333 -333 -333 -333 -333 -333 -333 -333 -333 -333 -333 -333 -333 -333 -333 -333 -333 -333 -333 -333 -333 -333 -333 -333 -333 -333 -333 -333 -333 -333 -333 -333 -333 -333 -333 -333 -333 -333 -333
-838 -838 -838 -838 -838 -838 -838 -838 -838 -838 -838 -838 -838 -838 -838 -838 -838 -838 -838 -838 -838 -838 -838 -838 -838 -838 -838 -838 -838 -838 -838 -838 -838 -838 -838 -838 -838 -838 -838 -838 -838 -838 -838 -838 -838 -838 -838 -838 -838 -838 -838 -838 -838 -838 -838 -838 -838 -838 -838 -838 -838 -838 -838 -838 -838 -838 -838 -838 -838 -838 -838 -838 -838 -838 -838 -838 -838 -838 -838 -838 -838 -838 -838 -838 -838 -838 -838 -838 -838 -838 -838 -838 -838 -838 -838 -838 -838 -838 -838 -838
123 123 123 123 123 123 123 123 123 123 123 123 123 123 123 123 123 123 123 123 123 123 123 123 123 123 123 123 123 123 123 123 123 123 123 123 123 123 123 123 123 123 123 123 123 123 123 123 123 123 123 123 123 123 123 123 123 123 123 123 123 123 123 123 123 123 123 123 123 123 123 123 123 123 123 123 123 123 123 123 123 123 123 123 123 123 123 123 123 123 123 123 123 123 123 123 123 123 123 123
748 748 748 748 748 748 748 748 748 748 748 748 748 748 748 748 748 748 748 748 748 748 748 748 748 748 748 748 748 748 748 748 748 748 748 748 748 748 748 748 748 748 748 748 748 748 748 748 748 748 748 748 748 748 748 748 748 748 748 748 748 748 748 748 748 748 748 748 748 748 748 748 748 748 748 748 748 748 748 748 748 748 748 748 748 748 748 748 748 748 748 748 748 748 748 748 748 748 748 748
-760 -760 -760 -760 -760 -760 -760 -760 -760 -760 -760 -760 -760 -760 -760 -760 -760 -760 -760 -760 -760 -760 -760 -760 -760 -760 -760 -760 -760 -760 -760 -760 -760 -760 -760 -760 -760 -760 -760 -760 -760 -760 -760 -760 -760 -760 -760 -760 -760 -760 -760 -760 -760 -760 -760 -760 -760 -760 -760 -760 -760 -760 -760 -760 -760 -760 -760 -760 -760 -760 -760 -760 -760 -760 -760 -760 -760 -760 -760 -760 -760 -760 -760 -760 -760 -760 -760 -760 -760 -760 -760 -760 -760 -760 -760 -760 -760 -760 -760 -760
154 154 154 154 154 154 154 154 154 154 154 154 154 154 154 154 154 154 154 154 154 154 154 154 154 154 154 154 154 154 154 154 154 154 154 154 154 154 154 154 154 154 154 154 154 154 154 154 154 154 154 154 154 154 154 154 154 154 154 154 154 154 154 154 154 154 154 154 154 154 154 154 154 154 154 154 154 154 154 154 154 154 154 154 154 154 154 154 154 154 154 154 154 154 154 154 154 154 154 154
-75 -75 -75 -75 -75 -75 -75 -75 -75 -75 -75 -75 -75 -75 -75 -75 -75 -75 -75 -75 -75 -75 -75 -75 -75 -75 -75 -75 -75 -75 -75 -75 -75 -75 -75 -75 -75 -75 -75 -75 -75 -75 -75 -75 -75 -75 -75 -75 -75 -75 -75 -75 -75 -75 -75 -75 -75 -75 -75 -75 -75 -75 -75 -75 -75 -75 -75 -75 -75 -75 -75 -75 -75 -75 -75 -75 -75 -75 -75 -75 -75 -75 -75 -75 -75 -75 -75 -75 -75 -75 -75 -75 -75 -75 -75 -75 -75 -75 -75 -75
-821 -821 -821 -821 -821 -821 -821 -821 -821 -821 -821 -821 -821 -821 -821 -821 -821 -821 -821 -821 -821 -821 -821 -821 -821 -821 -821 -821 -821 -821 -821 -821 -821 -821 -821 -821 -821 -821 -821 -821 -821 -821 -821 -821 -821 -821 -821 -821 -821 -821 -821 -821 -821 -821 -821 -821 -821 -821 -821 -821 -821 -821 -821 -821 -821 -821 -821 -821 -821 -821 -821 -821 -821 -821 -821 -821 -821 -821 -821 -821 -821 -821 -821 -821 -821 -821 -821 -821 -821 -821 -821 -821 -821 -821 -821 -821 -821 -821 -821 -821
245 245 245 245 245 245 245 245 245 245 245 245 245 245 245 245 245 245 245 245 245 245 245 245 245 245 245 245 245 245 245 245 245 245 245 245 245 245 245 245 245 245 245 245 245 245 245 245 245 245 245 245 245 245 245 245 245 245 245 245 245 245 245 245 245 245 245 245 245 245 245 245 245 245 245 245 245 245 245 245 245 245 245 245 245 245 245 245 245 245 245 245 245 245 245 245 245 245 245 245
-786 -786 -786 -786 -786 -786 -786 -786 -786 -786 -786 -786 -786 -786 -786 -786 -786 -786 -786 -786 -786 -786 -786 -786 -786 -786 -786 -786 -786 -786 -786 -786 -786 -786 -786 -786 -786 -786 -786 -786 -786 -786 -786 -786 -786 -786 -786 -786 -786 -786 -786 -786 -786 -786 -786 -786 -786 -786 -786 -786 -786 -786 -786 -786 -786 -786 -786 -786 -786 -786 -786 -786 -786 -786 -786 -786 -786 -786 -786 -786 -786 -786 -786 -786 -786 -786 -786 -786 -786 -786 -786 -786 -786 -786 -786 -786 -786 -786 -786 -786
738 738 738 738 738 738 738 738 738 738 738 738 738 738 738 738 738 738 738 738 738 738 738 738 738 738 738 738 738 738 738 738 738 738 738 738 738 738 738 738 738 738 738 738 738 738 738 738 738 738 738 738 738 738 738 738 738 738 738 738 738 738 738 738 738 738 738 738 738 738 738 738 738 738 738 738 738 738 738 738 738 738 738 738 738 738 738 738 738 738 738 738 738 738 738 738 738 738 738 738
-762 -762 -762 -762 -762 -762 -762 -762 -762 -762 -762 -762 -762 -762 -762 -762 -762 -762 -762 -762 -762 -762 -762 -762 -762 -762 -762 -762 -762 -762 -762 -762 -762 -762 -762 -762 -762 -762 -762 -762 -762 -762 -762 -762 -762 -762 -762 -762 -762 -762 -762 -762 -762 -762 -762 -762 -762 -762 -762 -762 -762 -762 -762 -762 -762 -762 -762 -762 -762 -762 -762 -762 -762 -762 -762 -762 -762 -762 -762 -762 -762 -762 -762 -762 -762 -762 -762 -762 -762 -762 -762 -762 -762 -762 -762 -762 -762 -762 -762 -762
208 208 208 208 208 208 208 208 208 208 208 208 208 208 208 208 208 208 208 208 208 208 208 208 208 208 208 208 208 208 208 208 208 208 208 208 208 208 208 208 208 208 208 208 208 208 208 208 208 208 208 208 208 208 208 208 208 208 208 208 208 208 208 208 208 208 208 208 208 208 208 208 208 208 208 208 208 208 208 208 208 208 208 208 208 208 208 208 208 208 208 208 208 208 208 208 208 208 208 208
582 582 582 582 582 582 582 582 582 582 582 582 582 582 582 582 582 582 582 582 582 582 582 582 582 582 582 582 582 582 582 582 582 582 582 582 582 582 582 582 582 582 582 582 582 582 582 582 582 582 582 582 582 582 582 582 582 582 582 582 582 582 582 582 582 582 582 582 582 582 582 582 582 582 582 582 582 582 582 582 582 582 582 582 582 582 582 582 582 582 582 582 582 582 582 582 582 582 582 582
860 860 860 860 860 860 860 860 860 860 860 860 860 860 860 860 860 860 860 860 860 860 860 860 860 860 860 860 860 860 860 860 860 860 860 860 860 860 860 860 860 860 860 860 860 860 860 860 860 860 860 860 860 860 860 860 860 860 860 860 860 860 860 860 860 860 860 860 860 860 860 860 860 860 860 860 860 860 860 860 860 860 860 860 860 860 860 860 860 860 860 860 860 860 860 860 860 860 860 860
-351 -351 -351 -351 -351 -351 -351 -351 -351 -351 -351 -351 -351 -351 -351 -351 -351 -351 -351 -351 -351 -351 -351 -351 -351 -351 -351 -351 -351 -351 -351 -351 -351 -351 -351 -351 -351 -351 -351 -351 -351 -351 -351 -351 -351 -351 -351 -351 -351 -351 -351 -351 -351 -351 -351 -351 -351 -351 -351 -351 -351 -351 -351 -351 -351 -351 -351 -351 -351 -351 -351 -351 -351 -351 -351 -351 -351 -351 -351 -351 -351 -351 -351 -351 -351 -351 -351 -351 -351 -351 -351 -351 -351 -351 -351 -351 -351 -351 -351 -351
-312 -312 -312 -312 -312 -312 -312 -312 -312 -312 -312 -312 -312 -312 -312 -312 -312 -312 -312 -312 -312 -312 -312 -312 -312 -312 -312 -312 -312 -312 -312 -312 -312 -312 -312 -312 -312 -312 -312 -312 -312 -312 -312 -312 -312 -312 -312 -312 -312 -312 -312 -312 -312 -312 -312 -312 -312 -312 -312 -312 -312 -312 -312 -312 -312 -312 -312 -312 -312 -312 -312 -312 -312 -312 -312 -312 -312 -312 -312 -312 -312 -312 -312 -312 -312 -312 -312 -312 -312 -312 -312 -312 -312 -312 -312 -312 -312 -312 -312 -312
508 508 508 508 508 508 508 508 508 508 508 508 508 508 508 508 508 508 508 508 508 508 508 508 508 508 508 508 508 508 508 508 508 508 508 508 508 508 508 508 508 508 508 508 508 508 508 508 508 508 508 508 508 508 508 508 508 508 508 508 508 508 508 508 508 508 508 508 508 508 508 508 508 508 508 508 508 508 508 508 508 508 508 508 508 508 508 508 508 508 508 508 508 508 508 508 508 508 508 508
919 919 919 919 919 919 919 919 919 919 919 919 919 919 919 919 919 919 919 919 919 919 919 919 919 919 919 919 919 919 919 919 919 919 919 919 919 919 919 919 919 919 919 919 919 919 919 919 919 919 919 919 919 919 919 919 919 919 919 919 919 919 919 919 919 919 919 919 919 919 919 919 919 919 919 919 919 919 919 919 919 919 919 919 919 919 919 919 919 919 919 919 919 919 919 919 919 919 919 919
-4 -4 -4 -4 -4 -4 -4 -4 -4 -4 -4 -4 -4 -4 -4 -4 -4 -4 -4 -4 -4 -4 -4 -4 -4 -4 -4 -4 -4 -4 -4 -4 -4 -4 -4 -4 -4 -4 -4 -4 -4 -4 -4 -4 -4 -4 -4 -4 -4 -4 -4 -4 -4 -4 -4 -4 -4 -4 -4 -4 -4 -4 -4 -4 -4 -4 -4 -4 -4 -4 -4 -4 -4 -4 -4 -4 -4 -4 -4 -4 -4 -4 -4 -4 -4 -4 -4 -4 -4 -4 -4 -4 -4 -4 -4 -4 -4 -4 -4 -4
-25 -25 -25 -25 -25 -25 -25 -25 -25 -25 -25 -25 -25 -25 -25 -25 -25 -25 -25 -25 -25 -25 -25 -25 -25 -25 -25 -25 -25 -25 -25 -25 -25 -25 -25 -25 -25 -25 -25 -25 -25 -25 -25 -25 -25 -25 -25 -25 -25 -25 -25 -25 -25 -25 -25 -25 -25 -25 -25 -25 -25 -25 -25 -25 -25 -25 -25 -25 -25 -25 -25 -25 -25 -25 -25 -25 -25 -25 -25 -25 -25 -25 -25 -25 -25 -25 -25 -25 -25 -25 -25 -25 -25 -25 -25 -25 -25 -25 -25 -25
262 262 262 262 262 262 262 262 262 262 262 262 262 262 262 262 262 262 262 262 262 262 262 262 262 262 262 262 262 262 262 262 262 262 262 262 262 262 262 262 262 262 262 262 262 262 262 262 262 262 262 262 262 262 262 262 262 262 262 262 262 262 262 262 262 262 262 262 262 262 262 262 262 262 262 262 262 262 262 262 262 262 262 262 262 262 262 262 262 262 262 262 262 262 262 262 262 262 262 262
733 733 733 733 733 733 733 733 733 733 733 733 733 733 733 733 733 733 733 733 733 733 733 733 733 733 733 733 733 733 733 733 733 733 733 733 733 733 733 733 733 733 733 733 733 733 733 733 733 733 733 733 733 733 733 733 733 733 733 733 733 733 733 733 733 733 733 733 733 733 733 733 733 733 733 733 733 733 733 733 733 733 733 733 733 733 733 733 733 733 733 733 733 733 733 733 733 733 733 733
-482 -482 -482 -482 -482 -482 -482 -482 -482 -482 -482 -482 -482 -482 -482 -482 -482 -482 -482 -482 -482 -482 -482 -482 -482 -482 -482 -482 -482 -482 -482 -482 -482 -482 -482 -482 -482 -482 -482 -482 -482 -482 -482 -482 -482 -482 -482 -482 -482 -482 -482 -482 -482 -482 -482 -482 -482 -482 -482 -482 -482 -482 -482 -482 -482 -482 -482 -482 -482 -482 -482 -482 -482 -482 -482 -482 -482 -482 -482 -482 -482 -482 -482 -482 -482 -482 -482 -482 -482 -482 -482 -482 -482 -482 -482 -482 -482 -482 -482 -482
892 892 892 892 892 892 892 892 892 892 892 892 892 892 892 892 892 892 892 892 892 892 892 892 892 892 892 892 892 892 892 892 892 892 892 892 892 892 892 892 892 892 892 892 892 892 892 892 892 892 892 892 892 892 892 892 892 892 892 892 892 892 892 892 892 892 892 892 892 892 892 892 892 892 892 892 892 892 892 892 892 892 892 892 892 892 892 892 892 892 892 892 892 892 892 892 892 892 892 892
-944 -944 -944 -944 -944 -944 -944 -944 -944 -944 -944 -944 -944 -944 -944 -944 -944 -944 -944 -944 -944 -944 -944 -944 -944 -944 -944 -944 -944 -944 -944 -944 -944 -944 -944 -944 -944 -944 -944 -944 -944 -944 -944 -944 -944 -944 -944 -944 -944 -944 -944 -944 -944 -944 -944 -944 -944 -944 -944 -944 -944 -944 -944 -944 -944 -944 -944 -944 -944 -944 -944 -944 -944 -944 -944 -944 -944 -944 -944 -944 -944 -944 -944 -944 -944 -944 -944 -944 -944 -944 -944 -944 -944 -944 -944 -944 -944 -944 -944 -944
-240 -240 -240 -240 -240 -240 -240 -240 -240 -240 -240 -240 -240 -240 -240 -240 -240 -240 -240 -240 -240 -240 -240 -240 -240 -240 -240 -240 -240 -240 -240 -240 -240 -240 -240 -240 -240 -240 -240 -240 -240 -240 -240 -240 -240 -240 -240 -240 -240 -240 -240 -240 -240 -240 -240 -240 -240 -240 -240 -240 -240 -240 -240 -240 -240 -240 -240 -240 -240 -240 -240 -240 -240 -240 -240 -240 -240 -240 -240 -240 -240 -240 -240 -240 -240 -240 -240 -240 -240 -240 -240 -240 -240 -240 -240 -240 -240 -240 -240 -240
-162 -162 -162 -162 -162 -162 -162 -162 -162 -162 -162 -162 -162 -162 -162 -162 -162 -162 -162 -162 -162 -162 -162 -162 -162 -162 -162 -162 -162 -162 -162 -162 -162 -162 -162 -162 -162 -162 -162 -162 -162 -162 -162 -162 -162 -162 -162 -162 -162 -162 -162 -162 -162 -162 -162 -162 -162 -162 -162 -162 -162 -162 -162 -162 -162 -162 -162 -162 -162 -162 -162 -162 -162 -162 -162 -162 -162 -162 -162 -162 -162 -162 -162 -162 -162 -162 -162 -162 -162 -162 -162 -162 -162 -162 -162 -162 -162 -162 -162 -162
453 453 453 453 453 453 453 453 453 453 453 453 453 453 453 453 453 453 453 453 453 453 453 453 453 453 453 453 453 453 453 453 453 453 453 453 453 453 453 453 453 453 453 453 453 453 453 453 453 453 453 453 453 453 453 453 453 453 453 453 453 453 453 453 453 453 453 453 453 453 453 453 453 453 453 453 453 453 453 453 453 453 453 453 453 453 453 453 453 453 453 453 453 453 453 453 453 453 453 453
-722 -722 -722 -722 -722 -722 -722 -722 -722 -722 -722 -722 -722 -722 -722 -722 -722 -722 -722 -722 -722 -722 -722 -722 -722 -722 -722 -722 -722 -722 -722 -722 -722 -722 -722 -722 -722 -722 -722 -722 -722 -722 -722 -722 -722 -722 -722 -722 -722 -722 -722 -722 -722 -722 -722 -722 -722 -722 -722 -722 -722 -722 -722 -722 -722 -722 -722 -722 -722 -722 -722 -722 -722 -722 -722 -722 -722 -722 -722 -722 -722 -722 -722 -722 -722 -722 -722 -722 -722 -722 -722 -722 -722 -722 -722 -722 -722 -722 -722 -722
653 653 653 653 653 653 653 653 653 653 653 653 653 653 653 653 653 653 653 653 653 653 653 653 653 653 653 653 653 653 653 653 653 653 653 653 653 653 653 653 653 653 653 653 653 653 653 653 653 653 653 653 653 653 653 653 653 653 653 653 653 653 653 653 653 653 653 653 653 653 653 653 653 653 653 653 653 653 653 653 653 653 653 653 653 653 653 653 653 653 653 653 653 653 653 653 653 653 653 653
-528 -528 -528 -528 -528 -528 -528 -528 -528 -528 -528 -528 -528 -528 -528 -528 -528 -528 -528 -528 -528 -528 -528 -528 -528 -528 -528 -528 -528 -528 -528 -528 -528 -528 -528 -528 -528 -528 -528 -528 -528 -528 -528 -528 -528 -528 -528 -528 -528 -528 -528 -528 -528 -528 -528 -528 -528 -528 -528 -528 -528 -528 -528 -528 -528 -528 -528 -528 -528 -528 -528 -528 -528 -528 -528 -528 -528 -528 -528 -528 -528 -528 -528 -528 -528 -528 -528 -528 -528 -528 -528 -528 -528 -528 -528 -528 -528 -528 -528 -528
-560 -560 -560 -560 -560 -560 -560 -560 -560 -560 -560 -560 -560 -560 -560 -560 -560 -560 -560 -560 -560 -560 -560 -560 -560 -560 -560 -560 -560 -560 -560 -560 -560 -560 -560 -560 -560 -560 -560 -560 -560 -560 -560 -560 -560 -560 -560 -560 -560 -560 -560 -560 -560 -560 -560 -560 -560 -560 -560 -560 -560 -560 -560 -560 -560 -560 -560 -560 -560 -560 -560 -560 -560 -560 -560 -560 -560 -560 -560 -560 -560 -560 -560 -560 -560 -560 -560 -560 -560 -560 -560 -560 -560 -560 -560 -560 -560 -560 -560 -560
128 128 128 128 128 128 128 128 128 128 128 128 128 128 128 128 128 128 128 128 128 128 128 128 128 128 128 128 128 128 128 128 128 128 128 128 128 128 128 128 128 128 128 128 128 128 128 128 128 128 128 128 128 128 128 128 128 128 128 128 128 128 128 128 128 128 128 128 128 128 128 128 128 128 128 128 128 128 128 128 128 128 128 128 128 128 128 128 128 128 128 128 128 128 128 128 128 128 128 128
-427 -427 -427 -427 -427 -427 -427 -427 -427 -427 -427 -427 -427 -427 -427 -427 -427 -427 -427 -427 -427 -427 -427 -427 -427 -427 -427 -427 -427 -427 -427 -427 -427 -427 -427 -427 -427 -427 -427 -427 -427 -427 -427 -427 -427 -427 -427 -427 -427 -427 -427 -427 -427 -427 -427 -427 -427 -427 -427 -427 -427 -427 -427 -427 -427 -427 -427 -427 -427 -427 -427 -427 -427 -427 -427 -427 -427 -427 -427 -427 -427 -427 -427 -427 -427 -427 -427 -427 -427 -427 -427 -427 -427 -427 -427 -427 -427 -427 -427 -427
32 32 32 32 32 32 32 32 32 32 32 32 32 32 32 32 32 32 32 32 32 32 32 32 32 32 32 32 32 32 32 32 32 32 32 32 32 32 32 32 32 32 32 32 32 32 32 32 32 32 32 32 32 32 32 32 32 32 32 32 32 32 32 32 32 32 32 32 32 32 32 32 32 32 32 32 32 32 32 32 32 32 32 32 32 32 32 32 32 32 32 32 32 32 32 32 32 32 32 32
-718 -718 -718 -718 -718 -718 -718 -718 -718 -718 -718 -718 -718 -718 -718 -718 -718 -718 -718 -718 -718 -718 -718 -718 -718 -718 -718 -718 -718 -718 -718 -718 -718 -718 -718 -718 -718 -718 -718 -718 -718 -718 -718 -718 -718 -718 -718 -718 -718 -718 -718 -718 -718 -718 -718 -718 -718 -718 -718 -718 -718 -718 -718 -718 -718 -718 -718 -718 -718 -718 -718 -718 -718 -718 -718 -718 -718 -718 -718 -718 -718 -718 -718 -718 -718 -718 -718 -718 -718 -718 -718 -718 -718 -718 -718 -718 -718 -718 -718 -718
498 498 498 498 498 498 498 498 498 498 498 498 498 498 498 498 498 498 498 498 498 498 498 498 498 498 498 498 498 498 498 498 498 498 498 498 498 498 498 498 498 498 498 498 498 498 498 498 498 498 498 498 498 498 498 498 498 498 498 498 498 498 498 498 498 498 498 498 498 498 498 498 498 498 498 498 498 498 498 498 498 498 498 498 498 498 498 498 498 498 498 498 498 498 498 498 498 498 498 498
564 564 564 564 564 564 564 564 564 564 564 564 564 564 564 564 564 564 564 564 564 564 564 564 564 564 564 564 564 564 564 564 564 564 564 564 564 564 564 564 564 564 564 564 564 564 564 564 564 564 564 564 564 564 564 564 564 564 564 564 564 564 564 564 564 564 564 564 564 564 564 564 564 564 564 564 564 564 564 564 564 564 564 564 564 564 564 564 564 564 564 564 564 564 564 564 564 564 564 564
879 879 879 879 879 879 879 879 879 879 879 879 879 879 879 879 879 879 879 879 879 879 879 879 879 879 879 879 879 879 879 879 879 879 879 879 879 879 879 879 879 879 879 879 879 879 879 879 879 879 879 879 879 879 879 879 879 879 879 879 879 879 879 879 879 879 879 879 879 879 879 879 879 879 879 879 879 879 879 879 879 879 879 879 879 879 879 879 879 879 879 879 879 879 879 879 879 879 879 879
-936 -936 -936 -936 -936 -936 -936 -936 -936 -936 -936 -936 -936 -936 -936 -936 -936 -936 -936 -936 -936 -936 -936 -936 -936 -936 -936 -936 -936 -936 -936 -936 -936 -936 -936 -936 -936 -936 -936 -936 -936 -936 -936 -936 -936 -936 -936 -936 -936 -936 -936 -936 -936 -936 -936 -936 -936 -936 -936 -936 -936 -936 -936 -936 -936 -936 -936 -936 -936 -936 -936 -936 -936 -936 -936 -936 -936 -936 -936 -936 -936 -936 -936 -936 -936 -936 -936 -936 -936 -936 -936 -936 -936 -936 -936 -936 -936 -936 -936 -936
302 302 302 302 302 302 302 302 302 302 302 302 302 302 302 302 302 302 302 302 302 302 302 302 302 302 302 302 302 302 302 302 302 302 302 302 302 302 302 302 302 302 302 302 302 302 302 302 302 302 302 302 302 302 302 302 302 302 302 302 302 302 302 302 302 302 302 302 302 302 302 302 302 302 302 302 302 302 302 302 302 302 302 302 302 302 302 302 302 302 302 302 302 302 302 302 302 302 302 302
-882 -882 -882 -882 -882 -882 -882 -882 -882 -882 -882 -882 -882 -882 -882 -882 -882 -882 -882 -882 -882 -882 -882 -882 -882 -882 -882 -882 -882 -882 -882 -882 -882 -882 -882 -882 -882 -882 -882 -882 -882 -882 -882 -882 -882 -882 -882 -882 -882 -882 -882 -882 -882 -882 -882 -882 -882 -882 -882 -882 -882 -882 -882 -882 -882 -882 -882 -882 -882 -882 -882 -882 -882 -882 -882 -882 -882 -882 -882 -882 -882 -882 -882 -882 -882 -882 -882 -882 -882 -882 -882 -882 -882 -882 -882 -882 -882 -882 -882 -882
272 272 272 272 272 272 272 272 272 272 272 272 272 272 272 272 272 272 272 272 272 272 272 272 272 272 272 272 272 272 272 272 272 272 272 272 272 272 272 272 272 272 272 272 272 272 272 272 272 272 272 272 272 272 272 272 272 272 272 272 272 272 272 272 272 272 272 272 272 272 272 272 272 272 272 272 272 272 272 272 272 272 272 272 272 272 272 272 272 272 272 272 272 272 272 272 272 272 272 272
-116 -116 -116 -116 -116 -116 -116 -116 -116 -116 -116 -116 -116 -116 -116 -116 -116 -116 -116 -116 -116 -116 -116 -116 -116 -116 -116 -116 -116 -116 -116 -116 -116 -116 -116 -116 -116 -116 -116 -116 -116 -116 -116 -116 -116 -116 -116 -116 -116 -116 -116 -116 -116 -116 -116 -116 -116 -116 -116 -116 -116 -116 -116 -116 -116 -116 -116 -116 -116 -116 -116 -116 -116 -116 -116 -116 -116 -116 -116 -116 -116 -116 -116 -116 -116 -116 -116 -116 -116 -116 -116 -116 -116 -116 -116 -116 -116 -116 -116 -116
-670 -670 -670 -670 -670 -670 -670 -670 -670 -670 -670 -670 -670 -670 -670 -670 -670 -670 -670 -670 -670 -670 -670 -670 -670 -670 -670 -670 -670 -670 -670 -670 -670 -670 -670 -670 -670 -670 -670 -670 -670 -670 -670 -670 -670 -670 -670 -670 -670 -670 -670 -670 -670 -670 -670 -670 -670 -670 -670 -670 -670 -670 -670 -670 -670 -670 -670 -670 -670 -670 -670 -670 -670 -670 -670 -670 -670 -670 -670 -670 -670 -670 -670 -670 -670 -670 -670 -670 -670 -670 -670 -670 -670 -670 -670 -670 -670 -670 -670 -670
-727 -727 -727 -727 -727 -727 -727 -727 -727 -727 -727 -727 -727 -727 -727 -727 -727 -727 -727 -727 -727 -727 -727 -727 -727 -727 -727 -727 -727 -727 -727 -727 -727 -727 -727 -727 -727 -727 -727 -727 -727 -727 -727 -727 -727 -727 -727 -727 -727 -727 -727 -727 -727 -727 -727 -727 -727 -727 -727 -727 -727 -727 -727 -727 -727 -727 -727 -727 -727 -727 -727 -727 -727 -727 -727 -727 -727 -727 -727 -727 -727 -727 -727 -727 -727 -727 -727 -727 -727 -727 -727 -727 -727 -727 -727 -727 -727 -727 -727 -727
924 924 924 924 924 924 924 924 924 924 924 924 924 924 924 924 924 924 924 924 924 924 924 924 924 924 924 924 924 924 924 924 924 924 924 924 924 924 924 924 924 924 924 924 924 924 924 924 924 924 924 924 924 924 924 924 924 924 924 924 924 924 924 924 924 924 924 924 924 924 924 924 924 924 924 924 924 924 924 924 924 924 924 924 924 924 924 924 924 924 924 924 924 924 924 924 924 924 924 924
838 838 838 838 838 838 838 838 838 838 838 838 838 838 838 838 838 838 838 838 838 838 838 838 838 838 838 838 838 838 838 838 838 838 838 838 838 838 838 838 838 838 838 838 838 838 838 838 838 838 838 838 838 838 838 838 838 838 838 838 838 838 838 838 838 838 838 838 838 838 838 838 838 838 838 838 838 838 838 838 838 838 838 838 838 838 838 838 838 838 838 838 838 838 838 838 838 838 838 838
-807 -807 -807 -807 -807 -807 -807 -807 -807 -807 -807 -807 -807 -807 -807 -807 -807 -807 -807 -807 -807 -807 -807 -807 -807 -807 -807 -807 -807 -807 -807 -807 -807 -807 -807 -807 -807 -807 -807 -807 -807 -807 -807 -807 -807 -807 -807 -807 -807 -807 -807 -807 -807 -807 -807 -807 -807 -807 -807 -807 -807 -807 -807 -807 -807 -807 -807 -807 -807 -807 -807 -807 -807 -807 -807 -807 -807 -807 -807 -807 -807 -807 -807 -807 -807 -807 -807 -807 -807 -807 -807 -807 -807 -807 -807 -807 -807 -807 -807 -807
-80 -80 -80 -80 -80 -80 -80 -80 -80 -80 -80 -80 -80 -80 -80 -80 -80 -80 -80 -80 -80 -80 -80 -80 -80 -80 -80 -80 -80 -80 -80 -80 -80 -80 -80 -80 -80 -80 -80 -80 -80 -80 -80 -80 -80 -80 -80 -80 -80 -80 -80 -80 -80 -80 -80 -80 -80 -80 -80 -80 -80 -80 -80 -80 -80 -80 -80 -80 -80 -80 -80 -80 -80 -80 -80 -80 -80 -80 -80 -80 -80 -80 -80 -80 -80 -80 -80 -80 -80 -80 -80 -80 -80 -80 -80 -80 -80 -80 -80 -80
-187 -187 -187 -187 -187 -187 -187 -187 -187 -187 -187 -187 -187 -187 -187 -187 -187 -187 -187 -187 -187 -187 -187 -187 -187 -187 -187 -187 -187 -187 -187 -187 -187 -187 -187 -187 -187 -187 -187 -187 -187 -187 -187 -187 -187 -187 -187 -187 -187 -187 -187 -187 -187 -187 -187 -187 -187 -187 -187 -187 -187 -187 -187 -187 -187 -187 -187 -187 -187 -187 -187 -187 -187 -187 -187 -187 -187 -187 -187 -187 -187 -187 -187 -187 -187 -187 -187 -187 -187 -187 -187 -187 -187 -187 -187 -187 -187 -187 -187 -187
807 807 807 807 807 807 807 807 807 807 807 807 807 807 807 807 807 807 807 807 807 807 807 807 807 807 807 807 807 807 807 807 807 807 807 807 807 807 807 807 807 807 807 807 807 807 807 807 807 807 807 807 807 807 807 807 807 807 807 807 807 807 807 807 807 807 807 807 807 807 807 807 807 807 807 807 807 807 807 807 807 807 807 807 807 807 807 807 807 807 807 807 807 807 807 807 807 807 807 807
5 5 5 5 5 5 5 5 5 5 5 5 5 5 5 5 5 5 5 5 5 5 5 5 5 5 5 5 5 5 5 5 5 5 5 5 5 5 5 5 5 5 5 5 5 5 5 5 5 5 5 5 5 5 5 5 5 5 5 5 5 5 5 5 5 5 5 5 5 5 5 5 5 5 5 5 5 5 5 5 5 5 5 5 5 5 5 5 5 5 5 5 5 5 5 5 5 5 5 5
683 683 683 683 683 683 683 683 683 683 683 683 683 683 683 683 683 683 683 683 683 683 683 683 683 683 683 683 683 683 683 683 683 683 683 683 683 683 683 683 683 683 683 683 683 683 683 683 683 683 683 683 683 683 683 683 683 683 683 683 683 683 683 683 683 683 683 683 683 683 683 683 683 683 683 683 683 683 683 683 683 683 683 683 683 683 683 683 683 683 683 683 683 683 683 683 683 683 683 683
-949 -949 -949 -949 -949 -949 -949 -949 -949 -949 -949 -949 -949 -949 -949 -949 -949 -949 -949 -949 -949 -949 -949 -949 -949 -949 -949 -949 -949 -949 -949 -949 -949 -949 -949 -949 -949 -949 -949 -949 -949 -949 -949 -949 -949 -949 -949 -949 -949 -949 -949 -949 -949 -949 -949 -949 -949 -949 -949 -949 -949 -949 -949 -949 -949 -949 -949 -949 -949 -949 -949 -949 -949 -949 -949 -949 -949 -949 -949 -949 -949 -949 -949 -949 -949 -949 -949 -949 -949 -949 -949 -949 -949 -949 -949 -949 -949 -949 -949 -949
62 62 62 62 62 62 62 62 62 62 62 62 62 62 62 62 62 62 62 62 62 62 62 62 62 62 62 62 62 62 62 62 62 62 62 62 62 62 62 62 62 62 62 62 62 62 62 62 62 62 62 62 62 62 62 62 62 62 62 62 62 62 62 62 62 62 62 62 62 62 62 62 62 62 62 62 62 62 62 62 62 62 62 62 62 62 62 62 62 62 62 62 62 62 62 62 62 62 62 62
-557 -557 -557 -557 -557 -557 -557 -557 -557 -557 -557 -557 -557 -557 -557 -557 -557 -557 -557 -557 -557 -557 -557 -557 -557 -557 -557 -557 -557 -557 -557 -557 -557 -557 -557 -557 -557 -557 -557 -557 -557 -557 -557 -557 -557 -557 -557 -557 -557 -557 -557 -557 -557 -557 -557 -557 -557 -557 -557 -557 -557 -557 -557 -557 -557 -557 -557 -557 -557 -557 -557 -557 -557 -557 -557 -557 -557 -557 -557 -557 -557 -557 -557 -557 -557 -557 -557 -557 -557 -557 -557 -557 -557 -557 -557 -557 -557 -557 -557 -557
-110 -110 -110 -110 -110 -110 -110 -110 -110 -110 -110 -110 -110 -110 -110 -110 -110 -110 -110 -110 -110 -110 -110 -110 -110 -110 -110 -110 -110 -110 -110 -110 -110 -110 -110 -110 -110 -110 -110 -110 -110 -110 -110 -110 -110 -110 -110 -110 -110 -110 -110 -110 -110 -110 -110 -110 -110 -110 -110 -110 -110 -110 -110 -110 -110 -110 -110 -110 -110 -110 -110 -110 -110 -110 -110 -110 -110 -110 -110 -110 -110 -110 -110 -110 -110 -110 -110 -110 -110 -110 -110 -110 -110 -110 -110 -110 -110 -110 -110 -110
-133 -133 -133 -133 -133 -133 -133 -133 -133 -133 -133 -133 -133 -133 -133 -133 -133 -133 -133 -133 -133 -133 -133 -133 -133 -133 -133 -133 -133 -133 -133 -133 -133 -133 -133 -133 -133 -133 -133 -133 -133 -133 -133 -133 -133 -133 -133 -133 -133 -133 -133 -133 -133 -133 -133 -133 -133 -133 -133 -133 -133 -133 -133 -133 -133 -133 -133 -133 -133 -133 -133 -133 -133 -133 -133 -133 -133 -133 -133 -133 -133 -133 -133 -133 -133 -133 -133 -133 -133 -133 -133 -133 -133 -133 -133 -133 -133 -133 -133 -133
-278 -278 -278 -278 -278 -278 -278 -278 -278 -278 -278 -278 -278 -278 -278 -278 -278 -278 -278 -278 -278 -278 -278 -278 -278 -278 -278 -278 -278 -278 -278 -278 -278 -278 -278 -278 -278 -278 -278 -278 -278 -278 -278 -278 -278 -278 -278 -278 -278 -278 -278 -278 -278 -278 -278 -278 -278 -278 -278 -278 -278 -278 -278 -278 -278 -278 -278 -278 -278 -278 -278 -278 -278 -278 -278 -278 -278 -278 -278 -278 -278 -278 -278 -278 -278 -278 -278 -278 -278 -278 -278 -278 -278 -278 -278 -278 -278 -278 -278 -278
-105 -105 -105 -105 -105 -105 -105 -105 -105 -105 -105 -105 -105 -105 -105 -105 -105 -105 -105 -105 -105 -105 -105 -105 -105 -105 -105 -105 -105 -105 -105 -105 -105 -105 -105 -105 -105 -105 -105 -105 -105 -105 -105 -105 -105 -105 -105 -105 -105 -105 -105 -105 -105 -105 -105 -105 -105 -105 -105 -105 -105 -105 -105 -105 -105 -105 -105 -105 -105 -105 -105 -105 -105 -105 -105 -105 -105 -105 -105 -105 -105 -105 -105 -105 -105 -105 -105 -105 -105 -105 -105 -105 -105 -105 -105 -105 -105 -105 -105 -105
340 340 340 340 340 340 340 340 340 340 340 340 340 340 340 340 340 340 340 340 340 340 340 340 340 340 340 340 340 340 340 340 340 340 340 340 340 340 340 340 340 340 340 340 340 340 340 340 340 340 340 340 340 340 340 340 340 340 340 340 340 340 340 340 340 340 340 340 340 340 340 340 340 340 340 340 340 340 340 340 340 340 340 340 340 340 340 340 340 340 340 340 340 340 340 340 340 340 340 340
514 514 514 514 514 514 514 514 514 514 514 514 514 514 514 514 514 514 514 514 514 514 514 514 514 514 514 514 514 514 514 514 514 514 514 514 514 514 514 514 514 514 514 514 514 514 514 514 514 514 514 514 514 514 514 514 514 514 514 514 514 514 514 514 514 514 514 514 514 514 514 514 514 514 514 514 514 514 514 514 514 514 514 514 514 514 514 514 514 514 514 514 514 514 514 514 514 514 514 514
-976 -976 -976 -976 -976 -976 -976 -976 -976 -976 -976 -976 -976 -976 -976 -976 -976 -976 -976 -976 -976 -976 -976 -976 -976 -976 -976 -976 -976 -976 -976 -976 -976 -976 -976 -976 -976 -976 -976 -976 -976 -976 -976 -976 -976 -976 -976 -976 -976 -976 -976 -976 -976 -976 -976 -976 -976 -976 -976 -976 -976 -976 -976 -976 -976 -976 -976 -976 -976 -976 -976 -976 -976 -976 -976 -976 -976 -976 -976 -976 -976 -976 -976 -976 -976 -976 -976 -976 -976 -976 -976 -976 -976 -976 -976 -976 -976 -976 -976 -976
913 913 913 913 913 913 913 913 913 913 913 913 913 913 913 913 913 913 913 913 913 913 913 913 913 913 913 913 913 913 913 913 913 913 913 913 913 913 913 913 913 913 913 913 913 913 913 913 913 913 913 913 913 913 913 913 913 913 913 913 913 913 913 913 913 913 913 913 913 913 913 913 913 913 913 913 913 913 913 913 913 913 913 913 913 913 913 913 913 913 913 913 913 913 913 913 913 913 913 913
-101 -101 -101 -101 -101 -101 -101 -101 -101 -101 -101 -101 -101 -101 -101 -101 -101 -101 -101 -101 -101 -101 -101 -101 -101 -101 -101 -101 -101 -101 -101 -101 -101 -101 -101 -101 -101 -101 -101 -101 -101 -101 -101 -101 -101 -101 -101 -101 -101 -101 -101 -101 -101 -101 -101 -101 -101 -101 -101 -101 -101 -101 -101 -101 -101 -101 -101 -101 -101 -101 -101 -101 -101 -101 -101 -101 -101 -101 -101 -101 -101 -101 -101 -101 -101 -101 -101 -101 -101 -101 -101 -101 -101 -101 -101 -101 -101 -101 -101 -101
-342 -342 -342 -342 -342 -342 -342 -342 -342 -342 -342 -342 -342 -342 -342 -342 -342 -342 -342 -342 -342 -342 -342 -342 -342 -342 -342 -342 -342 -342 -342 -342 -342 -342 -342 -342 -342 -342 -342 -342 -342 -342 -342 -342 -342 -342 -342 -342 -342 -342 -342 -342 -342 -342 -342 -342 -342 -342 -342 -342 -342 -342 -342 -342 -342 -342 -342 -342 -342 -342 -342 -342 -342 -342 -342 -342 -342 -342 -342 -342 -342 -342 -342 -342 -342 -342 -342 -342 -342 -342 -342 -342 -342 -342 -342 -342 -342 -342 -342 -342
763 763 763 763 763 763 763 763 763 763 763 763 763 763 763 763 763 763 763 763 763 763 763 763 763 763 763 763 763 763 763 763 763 763 763 763 763 763 763 763 763 763 763 763 763 763 763 763 763 763 763 763 763 763 763 763 763 763 763 763 763 763 763 763 763 763 763 763 763 763 763 763 763 763 763 763 763 763 763 763 763 763 763 763 763 763 763 763 763 763 763 763 763 763 763 763 763 763 763 763
-537 -537 -537 -537 -537 -537 -537 -537 -537 -537 -537 -537 -537 -537 -537 -537 -537 -537 -537 -537 -537 -537 -537 -537 -537 -537 -537 -537 -537 -537 -537 -537 -537 -537 -537 -537 -537 -537 -537 -537 -537 -537 -537 -537 -537 -537 -537 -537 -537 -537 -537 -537 -537 -537 -537 -537 -537 -537 -537 -537 -537 -537 -537 -537 -537 -537 -537 -537 -537 -537 -537 -537 -537 -537 -537 -537 -537 -537 -537 -537 -537 -537 -537 -537 -537 -537 -537 -537 -537 -537 -537 -537 -537 -537 -537 -537 -537 -537 -537 -537
-110 -110 -110 -110 -110 -110 -110 -110 -110 -110 -110 -110 -110 -110 -110 -110 -110 -110 -110 -110 -110 -110 -110 -110 -110 -110 -110 -110 -110 -110 -110 -110 -110 -110 -110 -110 -110 -110 -110 -110 -110 -110 -110 -110 -110 -110 -110 -110 -110 -110 -110 -110 -110 -110 -110 -110 -110 -110 -110 -110 -110 -110 -110 -110 -110 -110 -110 -110 -110 -110 -110 -110 -110 -110 -110 -110 -110 -110 -110 -110 -110 -110 -110 -110 -110 -110 -110 -110 -110 -110 -110 -110 -110 -110 -110 -110 -110 -110 -110 -110
827 827 827 827 827 827 827 827 827 827 827 827 827 827 827 827 827 827 827 827 827 827 827 827 827 827 827 827 827 827 827 827 827 827 827 827 827 827 827 827 827 827 827 827 827 827 827 827 827 827 827 827 827 827 827 827 827 827 827 827 827 827 827 827 827 827 827 827 827 827 827 827 827 827 827 827 827 827 827 827 827 827 827 827 827 827 827 827 827 827 827 827 827 827 827 827 827 827 827 827
765 765 765 765 765 765 765 765 765 765 765 765 765 765 765 765 765 765 765 765 765 765 765 765 765 765 765 765 765 765 765 765 765 765 765 765 765 765 765 765 765 765 765 765 765 765 765 765 765 765 765 765 765 765 765 765 765 765 765 765 765 765 765 765 765 765 765 765 765 765 765 765 765 765 765 765 765 765 765 765 765 765 765 765 765 765 765 765 765 765 765 765 765 765 765 765 765 765 765 765
8 8 8 8 8 8 8 8 8 8 8 8 8 8 8 8 8 8 8 8 8 8 8 8 8 8 8 8 8 8 8 8 8 8 8 8 8 8 8 8 8 8 8 8 8 8 8 8 8 8 8 8 8 8 8 8 8 8 8 8 8 8 8 8 8 8 8 8 8 8 8 8 8 8 8 8 8 8 8 8 8 8 8 8 8 8 8 8 8 8 8 8 8 8 8 8 8 8 8 8
451 451 451 451 451 451 451 451 451 451 451 451 451 451 451 451 451 451 451 451 451 451 451 451 451 451 451 451 451 451 451 451 451 451 451 451 451 451 451 451 451 451 451 451 451 451 451 451 451 451 451 451 451 451 451 451 451 451 451 451 451 451 451 451 451 451 451 451 451 451 451 451 451 451 451 451 451 451 451 451 451 451 451 451 451 451 451 451 451 451 451 451 451 451 451 451 451 451 451 451
1 1 1 1 1 1 1 1 1 1 1 1 1 1 1 1 1 1 1 1 1 1 1 1 1 1 1 1 1 1 1 1 1 1 1 1 1 1 1 1 1 1 1 1 1 1 1 1 1 1 1 1 1 1 1 1 1 1 1 1 1 1 1 1 1 1 1 1 1 1 1 1 1 1 1 1 1 1 1 1 1 1 1 1 1 1 1 1 1 1 1 1 1 1 1 1 1 1 1 1
690 690 690 690 690 690 690 690 690 690 690 690 690 690 690 690 690 690 690 690 690 690 690 690 690 690 690 690 690 690 690 690 690 690 690 690 690 690 690 690 690 690 690 690 690 690 690 690 690 690 690 690 690 690 690 690 690 690 690 690 690 690 690 690 690 690 690 690 690 690 690 690 690 690 690 690 690 690 690 690 690 690 690 690 690 690 690 690 690 690 690 690 690 690 690 690 690 690 690 690
725 725 725 725 725 725 725 725 725 725 725 725 725 725 725 725 725 725 725 725 725 725 725 725 725 725 725 725 725 725 725 725 725 725 725 725 725 725 725 725 725 725 725 725 725 725 725 725 725 725 725 725 725 725 725 725 725 725 725 725 725 725 725 725 725 725 725 725 725 725 725 725 725 725 725 725 725 725 725 725 725 725 725 725 725 725 725 725 725 725 725 725 725 725 725 725 725 725 725 725
-75 -75 -75 -75 -75 -75 -75 -75 -75 -75 -75 -75 -75 -75 -75 -75 -75 -75 -75 -75 -75 -75 -75 -75 -75 -75 -75 -75 -75 -75 -75 -75 -75 -75 -75 -75 -75 -75 -75 -75 -75 -75 -75 -75 -75 -75 -75 -75 -75 -75 -75 -75 -75 -75 -75 -75 -75 -75 -75 -75 -75 -75 -75 -75 -75 -75 -75 -75 -75 -75 -75 -75 -75 -75 -75 -75 -75 -75 -75 -75 -75 -75 -75 -75 -75 -75 -75 -75 -75 -75 -75 -75 -75 -75 -75 -75 -75 -75 -75 -75
528 528 528 528 528 528 528 528 528 528 528 528 528 528 528 528 528 528 528 528 528 528 528 528 528 528 528 528 528 528 528 528 528 528 528 528 528 528 528 528 528 528 528 528 528 528 528 528 528 528 528 528 528 528 528 528 528 528 528 528 528 528 528 528 528 528 528 528 528 528 528 528 528 528 528 528 528 528 528 528 528 528 528 528 528 528 528 528 528 528 528 528 528 528 528 528 528 528 528 528
918 918 918 918 918 918 918 918 918 918 918 918 918 918 918 918 918 918 918 918 918 918 918 918 918 918 918 918 918 918 918 918 918 918 918 918 918 918 918 918 918 918 918 918 918 918 918 918 918 918 918 918 918 918 918 918 918 918 918 918 918 918 918 918 918 918 918 918 918 918 918 918 918 918 918 918 918 918 918 918 918 918 918 918 918 918 918 918 918 918 918 918 918 918 918 918 918 918 918 918
-802 -802 -802 -802 -802 -802 -802 -802 -802 -802 -802 -802 -802 -802 -802 -802 -802 -802 -802 -802 -802 -802 -802 -802 -802 -802 -802 -802 -802 -802 -802 -802 -802 -802 -802 -802 -802 -802 -802 -802 -802 -802 -802 -802 -802 -802 -802 -802 -802 -802 -802 -802 -802 -802 -802 -802 -802 -802 -802 -802 -802 -802 -802 -802 -802 -802 -802 -802 -802 -802 -802 -802 -802 -802 -802 -802 -802 -802 -802 -802 -802 -802 -802 -802 -802 -802 -802 -802 -802 -802 -802 -802 -802 -802 -802 -802 -802 -802 -802 -802
-307 -307 -307 -307 -307 -307 -307 -307 -307 -307 -307 -307 -307 -307 -307 -307 -307 -307 -307 -307 -307 -307 -307 -307 -307 -307 -307 -307 -307 -307 -307 -307 -307 -307 -307 -307 -307 -307 -307 -307 -307 -307 -307 -307 -307 -307 -307 -307 -307 -307 -307 -307 -307 -307 -307 -307 -307 -307 -307 -307 -307 -307 -307 -307 -307 -307 -307 -307 -307 -307 -307 -307 -307 -307 -307 -307 -307 -307 -307 -307 -307 -307 -307 -307 -307 -307 -307 -307 -307 -307 -307 -307 -307 -307 -307 -307 -307 -307 -307 -307
-923 -923 -923 -923 -923 -923 -923 -923 -923 -923 -923 -923 -923 -923 -923 -923 -923 -923 -923 -923 -923 -923 -923 -923 -923 -923 -923 -923 -923 -923 -923 -923 -923 -923 -923 -923 -923 -923 -923 -923 -923 -923 -923 -923 -923 -923 -923 -923 -923 -923 -923 -923 -923 -923 -923 -923 -923 -923 -923 -923 -923 -923 -923 -923 -923 -923 -923 -923 -923 -923 -923 -923 -923 -923 -923 -923 -923 -923 -923 -923 -923 -923 -923 -923 -923 -923 -923 -923 -923 -923 -923 -923 -923 -923 -923 -923 -923 -923 -923 -923
555 555 555 555 555 555 555 555 555 555 555 555 555 555 555 555 555 555 555 555 555 555 555 555 555 555 555 555 555 555 555 555 555 555 555 555 555 555 555 555 555 555 555 555 555 555 555 555 555 555 555 555 555 555 555 555 555 555 555 555 555 555 555 555 555 555 555 555 555 555 555 555 555 555 555 555 555 555 555 555 555 555 555 555 555 555 555 555 555 555 555 555 555 555 555 555 555 555 555 555
-272 -272 -272 -272 -272 -272 -272 -272 -272 -272 -272 -272 -272 -272 -272 -272 -272 -272 -272 -272 -272 -272 -272 -272 -272 -272 -272 -272 -272 -272 -272 -272 -272 -272 -272 -272 -272 -272 -272 -272 -272 -272 -272 -272 -272 -272 -272 -272 -272 -272 -272 -272 -272 -272 -272 -272 -272 -272 -272 -272 -272 -272 -272 -272 -272 -272 -272 -272 -272 -272 -272 -272 -272 -272 -272 -272 -272 -272 -272 -272 -272 -272 -272 -272 -272 -272 -272 -272 -272 -272 -272 -272 -272 -272 -272 -272 -272 -272 -272 -272
-872 -872 -872 -872 -872 -872 -872 -872 -872 -872 -872 -872 -872 -872 -872 -872 -872 -872 -872 -872 -872 -872 -872 -872 -872 -872 -872 -872 -872 -872 -872 -872 -872 -872 -872 -872 -872 -872 -872 -872 -872 -872 -872 -872 -872 -872 -872 -872 -872 -872 -872 -872 -872 -872 -872 -872 -872 -872 -872 -872 -872 -872 -872 -872 -872 -872 -872 -872 -872 -872 -872 -872 -872 -872 -872 -872 -872 -872 -872 -872 -872 -872 -872 -872 -872 -872 -872 -872 -872 -872 -872 -872 -872 -872 -872 -872 -872 -872 -872 -872
-31 -31 -31 -31 -31 -31 -31 -31 -31 -31 -31 -31 -31 -31 -31 -31 -31 -31 -31 -31 -31 -31 -31 -31 -31 -31 -31 -31 -31 -31 -31 -31 -31 -31 -31 -31 -31 -31 -31 -31 -31 -31 -31 -31 -31 -31 -31 -31 -31 -31 -31 -31 -31 -31 -31 -31 -31 -31 -31 -31 -31 -31 -31 -31 -31 -31 -31 -31 -31 -31 -31 -31 -31 -31 -31 -31 -31 -31 -31 -31 -31 -31 -31 -31 -31 -31 -31 -31 -31 -31 -31 -31 -31 -31 -31 -31 -31 -31 -31 -31
524 524 524 524 524 524 524 524 524 524 524 524 524 524 524 524 524 524 524 524 524 524 524 524 524 524 524 524 524 524 524 524 524 524 524 524 524 524 524 524 524 524 524 524 524 524 524 524 524 524 524 524 524 524 524 524 524 524 524 524 524 524 524 524 524 524 524 524 524 524 524 524 524 524 524 524 524 524 524 524 524 524 524 524 524 524 524 524 524 524 524 524 524 524 524 524 524 524 524 524
18 18 18 18 18 18 18 18 18 18 18 18 18 18 18 18 18 18 18 18 18 18 18 18 18 18 18 18 18 18 18 18 18 18 18 18 18 18 18 18 18 18 18 18 18 18 18 18 18 18 18 18 18 18 18 18 18 18 18 18 18 18 18 18 18 18 18 18 18 18 18 18 18 18 18 18 18 18 18 18 18 18 18 18 18 18 18 18 18 18 18 18 18 18 18 18 18 18 18 18
-811 -811 -811 -811 -811 -811 -811 -811 -811 -811 -811 -811 -811 -811 -811 -811 -811 -811 -811 -811 -811 -811 -811 -811 -811 -811 -811 -811 -811 -811 -811 -811 -811 -811 -811 -811 -811 -811 -811 -811 -811 -811 -811 -811 -811 -811 -811 -811 -811 -811 -811 -811 -811 -811 -811 -811 -811 -811 -811 -811 -811 -811 -811 -811 -811 -811 -811 -811 -811 -811 -811 -811 -811 -811 -811 -811 -811 -811 -811 -811 -811 -811 -811 -811 -811 -811 -811 -811 -811 -811 -811 -811 -811 -811 -811 -811 -811 -811 -811 -811
-402 -402 -402 -402 -402 -402 -402 -402 -402 -402 -402 -402 -402 -402 -402 -402 -402 -402 -402 -402 -402 -402 -402 -402 -402 -402 -402 -402 -402 -402 -402 -402 -402 -402 -402 -402 -402 -402 -402 -402 -402 -402 -402 -402 -402 -402 -402 -402 -402 -402 -402 -402 -402 -402 -402 -402 -402 -402 -402 -402 -402 -402 -402 -402 -402 -402 -402 -402 -402 -402 -402 -402 -402 -402 -402 -402 -402 -402 -402 -402 -402 -402 -402 -402 -402 -402 -402 -402 -402 -402 -402 -402 -402 -402 -402 -402 -402 -402 -402 -402
914 914 914 914 914 914 914 914 914 914 914 914 914 914 914 914 914 914 914 914 914 914 914 914 914 914 914 914 914 914 914 914 914 914 914 914 914 914 914 914 914 914 914 914 914 914 914 914 914 914 914 914 914 914 914 914 914 914 914 914 914 914 914 914 914 914 914 914 914 914 914 914 914 914 914 914 914 914 914 914 914 914 914 914 914 914 914 914 914 914 914 914 914 914 914 914 914 914 914 914
881 881 881 881 881 881 881 881 881 881 881 881 881 881 881 881 881 881 881 881 881 881 881 881 881 881 881 881 881 881 881 881 881 881 881 881 881 881 881 881 881 881 881 881 881 881 881 881 881 881 881 881 881 881 881 881 881 881 881 881 881 881 881 881 881 881 881 881 881 881 881 881 881 881 881 881 881 881 881 881 881 881 881 881 881 881 881 881 881 881 881 881 881 881 881 881 881 881 881 881
-536 -536 -536 -536 -536 -536 -536 -536 -536 -536 -536 -536 -536 -536 -536 -536 -536 -536 -536 -536 -536 -536 -536 -536 -536 -536 -536 -536 -536 -536 -536 -536 -536 -536 -536 -536 -536 -536 -536 -536 -536 -536 -536 -536 -536 -536 -536 -536 -536 -536 -536 -536 -536 -536 -536 -536 -536 -536 -536 -536 -536 -536 -536 -536 -536 -536 -536 -536 -536 -536 -536 -536 -536 -536 -536 -536 -536 -536 -536 -536 -536 -536 -536 -536 -536 -536 -536 -536 -536 -536 -536 -536 -536 -536 -536 -536 -536 -536 -536 -536
-710 -710 -710 -710 -710 -710 -710 -710 -710 -710 -710 -710 -710 -710 -710 -710 -710 -710 -710 -710 -710 -710 -710 -710 -710 -710 -710 -710 -710 -710 -710 -710 -710 -710 -710 -710 -710 -710 -710 -710 -710 -710 -710 -710 -710 -710 -710 -710 -710 -710 -710 -710 -710 -710 -710 -710 -710 -710 -710 -710 -710 -710 -710 -710 -710 -710 -710 -710 -710 -710 -710 -710 -710 -710 -710 -710 -710 -710 -710 -710 -710 -710 -710 -710 -710 -710 -710 -710 -710 -710 -710 -710 -710 -710 -710 -710 -710 -710 -710 -710
-854 -854 -854 -854 -854 -854 -854 -854 -854 -854 -854 -854 -854 -854 -854 -854 -854 -854 -854 -854 -854 -854 -854 -854 -854 -854 -854 -854 -854 -854 -854 -854 -854 -854 -854 -854 -854 -854 -854 -854 -854 -854 -854 -854 -854 -854 -854 -854 -854 -854 -854 -854 -854 -854 -854 -854 -854 -854 -854 -854 -854 -854 -854 -854 -854 -854 -854 -854 -854 -854 -854 -854 -854 -854 -854 -854 -854 -854 -854 -854 -854 -854 -854 -854 -854 -854 -854 -854 -854 -854 -854 -854 -854 -854 -854 -854 -854 -854 -854 -854
363 363 363 363 363 363 363 363 363 363 363 363 363 363 363 363 363 363 363 363 363 363 363 363 363 363 363 363 363 363 363 363 363 363 363 363 363 363 363 363 363 363 363 363 363 363 363 363 363 363 363 363 363 363 363 363 363 363 363 363 363 363 363 363 363 363 363 363 363 363 363 363 363 363 363 363 363 363 363 363 363 363 363 363 363 363 363 363 363 363 363 363 363 363 363 363 363 363 363 363
300 300 300 300 300 300 300 300 300 300 300 300 300 300 300 300 300 300 300 300 300 300 300 300 300 300 300 300 300 300 300 300 300 300 300 300 300 300 300 300 300 300 300 300 300 300 300 300 300 300 300 300 300 300 300 300 300 300 300 300 300 300 300 300 300 300 300 300 300 300 300 300 300 300 300 300 300 300 300 300 300 300 300 300 300 300 300 300 300 300 300 300 300 300 300 300 300 300 300 300
