51
500
49 11 3712
37 37 1902
23 48 2892
5 50 4108
3 20 2796
9 28 8197
27 8 3281
40 35 1962
24 6 8572
42 39 5181
24 19 9046
37 17 1600
30 37 4910
43 25 2165
26 27 7267
33 8 2608
16 35 3067
13 48 8746
4 6 3479
11 26 839
7 9 3998
3 3 2696
26 23 2970
20 13 703
16 4 6830
27 35 1425
34 31 8995
33 46 2436
17 23 8791
20 11 8576
25 11 755
8 2 3419
21 22 6920
20 43 2322
9 12 8919
29 16 7593
18 8 6870
10 15 6929
43 42 1528
39 6 2055
29 50 9109
46 10 4133
13 20 8074
37 13 4866
26 38 7835
8 9 5915
40 16 4585
20 8 3174
11 46 2925
17 20 5215
42 2 7507
23 24 5670
21 24 213
27 50 6170
7 51 9218
45 37 8483
46 1 436
49 8 410
4 23 2967
10 2 8539
16 49 2126
26 51 1007
22 20 65
12 22 3471
22 31 8794
43 5 611
36 32 7130
35 37 2132
45 42 5700
13 2 5357
21 13 6208
35 28 4782
17 39 6521
11 31 1088
33 34 5575
6 34 6992
19 10 5238
47 5 3470
49 16 4031
43 45 6357
35 44 3550
1 16 8554
9 4 6513
11 33 6053
9 50 9125
25 31 5352
12 50 3816
33 7 4315
19 42 5010
9 46 6984
14 39 4261
2 22 3898
38 5 5497
30 36 1966
22 47 97
9 31 580
31 13 8771
40 10 2191
25 6 6472
42 39 4768
42 26 1653
49 13 9178
37 20 5763
22 13 5273
3 23 6730
7 40 5141
8 43 5106
30 29 9317
8 13 7220
5 50 449
33 32 9905
39 4 7835
51 17 9848
33 45 4027
45 34 1162
33 1 4750
14 6 4799
4 43 8095
50 49 5057
1 36 1689
10 36 6685
31 26 5491
2 17 643
28 31 112
3 11 9568
10 23 1523
1 23 1979
6 46 8657
15 37 1849
34 12 6373
27 48 8689
5 25 1482
12 16 7181
40 45 3007
19 37 8152
2 30 3398
25 34 3189
18 26 8711
11 19 1989
1 28 6629
5 51 3602
41 37 5280
29 26 8612
6 3 7010
26 40 7872
2 34 3165
49 29 3423
10 42 2417
46 12 7327
44 40 9908
38 37 3199
27 12 1272
16 19 1940
43 42 4660
18 32 388
22 20 9870
3 35 6239
31 19 1386
25 6 241
24 10 5467
11 46 5350
41 18 1527
10 25 3441
37 2 4072
33 37 9216
42 30 5441
35 19 6002
10 41 3904
31 41 9354
26 44 1673
30 9 866
31 44 5006
8 48 8584
23 37 319
42 48 4317
40 2 3768
12 31 880
24 40 7246
21 5 2821
12 17 5074
11 41 979
49 13 6480
45 19 3282
20 43 3123
36 1 62
29 49 2020
28 32 789
50 2 6204
26 30 9067
45 48 1902
11 18 2893
1 42 5744
12 7 6211
13 40 2323
29 42 4504
11 46 4959
27 32 261
51 31 4633
41 14 2436
46 39 7397
4 22 6141
16 28 3012
40 16 3707
25 33 699
29 5 4414
13 42 5646
14 6 6611
24 2 5886
48 11 1230
44 38 7201
18 14 8657
2 3 7492
30 3 264
51 35 5437
47 46 423
21 46 4838
19 18 3249
43 7 9735
5 4 9387
35 14 9783
47 46 630
34 15 4382
25 10 2810
23 28 1243
44 23 8928
42 39 4416
14 2 3711
7 41 1806
47 16 6358
35 12 6833
46 17 9027
8 13 6744
49 22 3276
9 38 4985
16 38 3984
34 27 745
23 17 9013
48 45 8972
42 40 1779
20 8 2672
7 20 1654
33 6 9841
11 36 2607
6 27 3655
12 7 2330
25 24 412
9 51 1105
3 5 8843
29 48 591
18 3 261
15 33 3020
38 42 940
43 13 7105
15 49 3976
28 16 499
12 32 9170
39 38 9595
49 21 859
8 47 8613
32 34 574
48 34 7820
27 14 6823
40 35 9094
30 14 8047
40 43 5618
35 43 1591
48 21 3316
28 26 3599
2 8 5747
4 35 626
35 8 5360
21 19 2341
25 30 5911
46 16 4695
26 20 7331
6 19 3023
46 45 9070
12 32 3641
10 51 4727
24 32 9168
36 23 3326
35 10 5904
15 51 4685
25 21 9885
48 5 1723
12 16 376
50 19 4905
8 28 4402
44 26 7259
37 3 2140
17 4 6076
15 39 9396
4 26 3422
35 7 8657
22 29 5721
33 17 3553
43 29 2680
37 41 4364
42 28 6953
46 30 9483
28 18 8353
21 28 1098
23 11 3760
49 47 6571
37 2 8580
41 4 8210
17 3 2432
17 32 5428
28 43 8299
32 8 5816
46 11 5587
46 14 4400
36 35 8939
24 7 665
33 26 6018
12 6 6867
14 35 9213
22 31 2272
38 5 4997
36 16 5246
39 9 7019
18 42 957
22 33 8323
13 29 9718
24 10 9948
5 35 6345
40 24 664
23 44 535
42 9 9338
8 44 3146
11 51 4571
6 8 9414
26 42 4004
41 2 6606
3 9 395
50 46 8761
22 49 4520
50 25 308
13 24 7094
32 18 8997
18 11 1468
45 36 1141
20 1 6334
39 50 8340
27 17 8290
1 8 1437
38 46 1596
32 33 2738
18 3 5760
8 17 1068
16 11 1424
32 5 2487
5 1 6256
47 23 2132
28 46 3940
32 22 3706
37 25 9629
27 32 6124
1 46 3218
40 7 5653
38 29 6093
48 40 223
19 48 6579
4 34 4192
46 44 2687
49 7 520
46 13 6857
14 18 6726
40 31 4868
16 20 4981
22 27 8717
1 43 8909
4 21 9817
19 2 3986
20 18 3074
6 23 8445
39 27 2987
10 37 1218
8 17 8684
4 51 6288
13 40 4496
47 44 2753
25 22 4957
3 23 564
1 48 6889
3 40 7137
39 27 5075
43 33 3511
9 2 863
28 17 4273
20 28 3453
29 36 6766
4 3 4884
17 31 7203
34 24 4537
28 6 7948
24 50 8781
30 45 5143
9 15 3576
28 41 8520
28 16 8222
6 4 9211
5 48 132
34 25 484
12 47 2326
32 26 3700
40 41 1822
19 29 2156
50 1 4875
30 32 5410
8 21 2458
42 28 727
51 41 7072
13 41 446
34 38 8467
30 11 8414
32 38 78
27 5 8643
23 4 8579
42 35 8980
1 48 4730
49 16 5393
6 21 3333
30 49 2449
41 22 2483
18 50 6185
15 24 5972
20 40 808
40 42 6647
15 21 4179
51 31 1284
9 5 2517
23 27 7980
20 23 6112
4 51 3964
6 18 8648
21 1 3693
34 8 6863
37 51 3039
31 30 8448
23 51 3949
19 2 7974
26 45 3936
23 34 7156
6 18 4888
21 47 459
40 36 4747
44 32 3873
51 30 2272
3 13 7198
39 31 8259
12 30 2310
14 24 4789
13 44 5228
21 19 6305
16 47 2207
35 38 1091
27 49 3261
20 27 7999
32 21 4263
31 39 9622
11 18 4715
48 30 8429
46 50 6365
25 32 5310
35 39 1599
12 4 9354
17 30 3941
3 38 2165
39 11 9539
4 34 8476
21 12 2247
38 32 5863
8 12 9275
9 8 8854
9 10 3399
35 32 5378
21 49 4933
11 37 5011
23 48 5962
43 16 7711
30 49 4388
38 51 7306
11 21 9918
19 25 4790
38 35 2030
16 20 1129
26 10 4804
48 29 6607
13 25 9241
28 23 2486
51 39 3861
16 37 9632
38 3 2906
47 27 6527
31 27 1979
22 18 4602
9 11 7256
37 24 591
22 20 271
25
32 7471
14 4955
1 9368
50 6403
42 2114
28 5079
17 5944
22 4861
19 1081
9 6425
40 154
16 9060
25 5490
26 619
29 5663
34 1873
12 8661
49 3965
11 2352
20 9350
37 9917
8 8471
15 3563
43 3225
3 8809
24
