5000
4999
1 2 6993
1 3 2491
1 4 7452
1 5 5887
1 6 719
1 7 1961
1 8 7255
1 9 397
1 10 3958
1 11 2380
1 12 583
1 13 8892
1 14 4768
1 15 2297
1 16 3681
1 17 2930
1 18 4540
1 19 8616
1 20 5383
1 21 9270
2 22 9617
2 23 2591
2 24 9485
2 25 8202
2 26 1714
2 27 2361
2 28 1288
2 29 8683
2 30 4632
2 31 1560
2 32 3724
2 33 3349
2 34 4686
2 35 14
2 36 3461
2 37 5389
2 38 852
2 39 8087
2 40 4319
2 41 4941
2 42 3320
2 43 4638
2 44 7263
2 45 8525
2 46 9220
2 47 6277
2 48 3033
3 49 5196
3 50 3880
3 51 4585
3 52 7559
3 53 1524
3 54 7271
3 55 1562
3 56 2038
3 57 7465
3 58 4042
3 59 3948
3 60 5215
3 61 2533
3 62 3422
3 63 7119
3 64 1300
3 65 3370
3 66 1140
3 67 5463
3 68 8214
3 69 907
3 70 6230
3 71 6767
3 72 6007
3 73 7519
3 74 5701
3 75 4544
3 76 1767
3 77 8836
3 78 8018
4 79 9410
4 80 9913
4 81 1325
5 82 7819
5 83 445
5 84 7361
5 85 3122
5 86 5766
5 87 8711
5 88 6986
5 89 7080
5 90 7036
5 91 8937
5 92 8270
5 93 4741
5 94 4214
5 95 1761
5 96 3085
5 97 3766
5 98 4554
5 99 2497
5 100 3118
5 101 201
5 102 6383
5 103 6871
6 104 3155
6 105 9465
6 106 8936
6 107 9320
6 108 7115
6 109 7765
6 110 831
7 111 9081
7 112 8063
7 113 9092
7 114 9764
7 115 2716
7 116 2830
7 117 7188
7 118 1646
7 119 6696
7 120 836
7 121 8978
7 122 6990
7 123 9441
7 124 3893
7 125 2770
7 126 4040
7 127 7430
7 128 3205
7 129 677
7 130 1120
7 131 9266
7 132 3731
7 133 2955
7 134 4746
7 135 2702
7 136 22
7 137 1998
7 138 1539
7 139 6793
7 140 1954
7 141 5703
7 142 9892
7 143 6381
7 144 3805
7 145 4866
7 146 2318
7 147 1086
7 148 5113
7 149 4320
7 150 4418
8 151 6737
8 152 2477
8 153 1405
8 154 6255
8 155 580
8 156 8989
8 157 8133
8 158 2702
8 159 6402
8 160 5192
8 161 3546
8 162 797
8 163 4154
8 164 7038
8 165 5515
8 166 9980
8 167 5283
8 168 5188
8 169 6966
8 170 5674
8 171 1434
8 172 1966
8 173 9269
8 174 1109
8 175 3999
8 176 9855
8 177 3801
8 178 1158
8 179 2935
8 180 1217
9 181 5372
9 182 8302
9 183 3945
9 184 4278
9 185 2408
9 186 2954
9 187 2703
9 188 5429
9 189 3018
9 190 9815
9 191 472
9 192 4640
9 193 3813
9 194 2189
9 195 74
9 196 8869
9 197 8971
9 198 527
9 199 358
9 200 8833
9 201 2076
9 202 4105
9 203 6748
9 204 4110
9 205 5293
9 206 1034
9 207 831
9 208 3927
9 209 8046
9 210 5052
9 211 8678
9 212 9561
9 213 2396
9 214 2531
9 215 2578
9 216 9305
9 217 7310
9 218 8131
9 219 5881
10 220 8999
10 221 2554
10 222 5636
10 223 9586
10 224 9524
10 225 812
10 226 2706
10 227 6046
10 228 844
10 229 4474
11 230 1305
11 231 6503
11 232 6302
11 233 6862
11 234 8387
11 235 8150
11 236 738
11 237 9259
11 238 3348
11 239 9054
11 240 8660
11 241 7189
11 242 4407
11 243 1832
11 244 9860
11 245 2260
11 246 1125
11 247 2561
11 248 1666
11 249 181
11 250 9584
12 251 7164
12 252 4490
12 253 4504
12 254 1326
12 255 1438
12 256 5263
12 257 4222
12 258 3955
12 259 9279
12 260 7489
12 261 9490
12 262 1650
12 263 2798
12 264 8810
12 265 2008
12 266 6083
12 267 2376
12 268 1288
12 269 3653
12 270 3670
12 271 9391
12 272 6922
12 273 2316
12 274 5631
12 275 4164
12 276 1562
12 277 5310
12 278 1948
12 279 7550
12 280 6949
12 281 6262
12 282 6389
12 283 9631
12 284 5529
12 285 6452
12 286 4801
12 287 3917
12 288 7763
12 289 6510
12 290 3851
12 291 535
12 292 6595
12 293 9428
13 294 6803
13 295 8780
13 296 822
13 297 2684
13 298 8651
13 299 7756
13 300 7369
13 301 3572
13 302 1315
13 303 7738
13 304 9370
13 305 2931
14 306 3745
14 307 8371
14 308 1444
14 309 8214
14 310 7216
14 311 5783
14 312 4979
14 313 9374
14 314 1932
14 315 3427
14 316 7722
14 317 6538
14 318 9909
14 319 1959
15 320 7274
15 321 1967
15 322 8100
15 323 5808
15 324 9966
15 325 2650
15 326 6613
15 327 8731
15 328 5702
15 329 4187
15 330 7960
15 331 2626
15 332 6939
15 333 9187
15 334 7586
15 335 58
15 336 6383
16 337 7758
16 338 9212
16 339 4522
16 340 1704
16 341 7900
16 342 3600
16 343 9253
16 344 1568
16 345 4360
16 346 46
16 347 6026
16 348 1094
16 349 5557
16 350 2108
16 351 1962
16 352 8898
16 353 3424
16 354 1143
16 355 2372
16 356 5983
16 357 7103
16 358 2192
16 359 3109
16 360 793
16 361 9828
16 362 6882
16 363 7208
16 364 504
16 365 4923
16 366 525
16 367 9234
16 368 3227
16 369 1857
16 370 5600
17 371 820
17 372 8303
17 373 8813
17 374 5565
17 375 6995
17 376 9124
17 377 3920
17 378 7546
17 379 398
17 380 8231
17 381 7496
17 382 507
17 383 7365
17 384 4253
17 385 9843
17 386 2543
17 387 4031
17 388 5952
17 389 8218
17 390 3884
17 391 2475
17 392 8313
17 393 4581
17 394 1504
17 395 612
17 396 5274
17 397 5033
17 398 8933
17 399 481
18 400 3145
18 401 9730
18 402 4659
18 403 8622
18 404 4364
18 405 8043
18 406 5455
18 407 8525
18 408 3677
18 409 4699
18 410 6587
18 411 6842
18 412 3721
18 413 2251
18 414 2034
18 415 382
18 416 5539
18 417 7440
18 418 1732
18 419 2756
18 420 9154
18 421 4483
18 422 8821
18 423 9692
18 424 6151
18 425 7648
18 426 8122
18 427 8470
18 428 1469
18 429 6542
18 430 528
18 431 2422
18 432 6571
18 433 2549
18 434 3004
18 435 6421
18 436 1190
18 437 9859
18 438 8879
18 439 4309
18 440 5837
18 441 9522
18 442 8117
18 443 4190
18 444 2263
18 445 9976
18 446 2258
18 447 2539
18 448 4049
18 449 2461
19 450 3052
19 451 4525
19 452 4793
19 453 4104
19 454 1178
19 455 4205
19 456 1896
19 457 1332
19 458 281
19 459 4910
19 460 6561
19 461 64
19 462 348
19 463 2790
19 464 8856
19 465 5325
19 466 5205
19 467 7412
19 468 7621
20 469 9160
20 470 9110
20 471 2493
20 472 3129
20 473 9015
20 474 1793
20 475 9898
20 476 2077
20 477 2393
20 478 3377
20 479 1442
20 480 4288
20 481 8310
20 482 1050
20 483 8144
20 484 7288
20 485 924
20 486 3546
20 487 8943
20 488 8228
21 489 7619
21 490 6926
21 491 473
21 492 5906
21 493 901
21 494 1705
21 495 780
21 496 4415
21 497 8340
21 498 1376
21 499 1784
21 500 6698
21 501 4392
22 502 9453
22 503 5990
22 504 8168
22 505 1675
22 506 219
22 507 2548
22 508 3717
22 509 6656
22 510 7459
22 511 5941
22 512 2632
22 513 1300
22 514 2022
23 515 1164
23 516 1921
23 517 6484
23 518 2510
23 519 9046
23 520 9013
23 521 7827
23 522 2169
23 523 2191
23 524 2586
23 525 8214
23 526 9429
23 527 6473
23 528 4608
23 529 8564
23 530 1481
23 531 4765
23 532 6968
23 533 4606
23 534 5729
23 535 4432
23 536 8399
23 537 101
23 538 6547
23 539 7450
23 540 8812
23 541 6914
23 542 9291
23 543 361
23 544 4463
23 545 6643
23 546 2490
23 547 6236
23 548 2402
23 549 3460
23 550 4153
23 551 5830
23 552 7633
23 553 2886
23 554 3148
23 555 133
24 556 6160
24 557 1562
24 558 1495
24 559 4239
24 560 4908
24 561 9006
24 562 5502
24 563 1612
25 564 4782
25 565 817
25 566 6602
25 567 9824
25 568 8870
25 569 9142
25 570 7059
25 571 6030
25 572 7646
25 573 2518
25 574 1275
25 575 4177
25 576 5301
25 577 127
25 578 391
25 579 6206
25 580 6863
25 581 1795
25 582 1035
25 583 1096
25 584 3793
25 585 390
25 586 6602
25 587 2837
25 588 8069
25 589 278
25 590 626
25 591 6185
25 592 5704
26 593 682
26 594 9905
26 595 5637
26 596 4742
26 597 6251
26 598 2179
26 599 4933
26 600 5550
26 601 8983
26 602 7872
26 603 6228
26 604 4569
26 605 8812
26 606 2337
26 607 8354
26 608 6389
26 609 4333
26 610 1455
26 611 6094
26 612 7957
26 613 907
27 614 9989
27 615 810
27 616 4908
27 617 6155
27 618 2140
27 619 6884
27 620 7567
27 621 2452
27 622 8947
27 623 86
27 624 6843
27 625 3523
27 626 6719
28 627 752
28 628 4645
28 629 1093
28 630 5616
28 631 606
29 632 6195
29 633 9166
29 634 7590
29 635 3521
29 636 4488
29 637 762
29 638 1112
29 639 5632
29 640 3242
29 641 2514
29 642 2373
29 643 2194
29 644 8561
29 645 1430
29 646 1588
29 647 3707
29 648 2903
29 649 2558
29 650 2295
29 651 8450
29 652 7042
29 653 5412
29 654 1194
29 655 2913
29 656 2391
29 657 829
30 658 9387
30 659 4642
30 660 471
30 661 6389
30 662 422
30 663 4646
30 664 6152
30 665 1561
30 666 4817
30 667 7481
30 668 1172
30 669 6046
30 670 4849
30 671 5638
30 672 856
30 673 3995
30 674 9414
30 675 7269
30 676 4474
30 677 322
30 678 2777
30 679 5425
30 680 5737
30 681 5482
30 682 3613
30 683 9236
30 684 4061
30 685 3276
30 686 4030
30 687 2953
30 688 3767
30 689 5121
30 690 3258
30 691 3809
30 692 3432
31 693 5696
31 694 4615
31 695 2555
31 696 8116
31 697 8000
31 698 2046
31 699 7736
31 700 2893
31 701 4902
31 702 6551
31 703 5558
31 704 7773
31 705 8446
31 706 4812
31 707 4353
31 708 3228
31 709 335
31 710 709
31 711 2044
31 712 1237
31 713 2058
31 714 5711
31 715 2240
31 716 1062
31 717 2516
31 718 4643
31 719 5798
31 720 8988
31 721 7799
31 722 7762
31 723 6
31 724 463
31 725 2827
31 726 5074
31 727 2591
31 728 8082
31 729 9533
31 730 3836
31 731 2754
31 732 3848
31 733 1278
31 734 5187
31 735 6383
31 736 9143
31 737 8177
31 738 827
31 739 7668
32 740 3038
32 741 5695
32 742 4287
32 743 7106
32 744 2592
33 745 8345
33 746 969
33 747 3701
33 748 9637
33 749 280
33 750 5706
33 751 9237
33 752 6607
33 753 7883
33 754 9863
33 755 3314
33 756 932
33 757 7666
33 758 5725
33 759 566
33 760 9440
33 761 718
33 762 9544
33 763 9151
33 764 6691
33 765 282
33 766 6981
33 767 2177
33 768 5887
33 769 3204
33 770 2205
33 771 7232
33 772 3263
33 773 2464
33 774 4072
33 775 8708
33 776 6925
33 777 2961
33 778 7846
33 779 2601
33 780 6046
33 781 7756
33 782 5867
34 783 1385
34 784 6947
34 785 5639
34 786 8348
34 787 3038
34 788 6368
34 789 8746
34 790 6936
34 791 6384
34 792 8303
34 793 9049
34 794 3380
34 795 2144
34 796 1393
34 797 3598
34 798 8705
34 799 1503
34 800 1936
34 801 4697
34 802 8949
34 803 2228
34 804 3761
34 805 6558
34 806 8587
34 807 6717
34 808 8857
34 809 4981
34 810 3922
34 811 7922
34 812 5958
34 813 3502
34 814 1155
34 815 4077
34 816 9263
34 817 4440
34 818 8804
34 819 8175
34 820 4478
34 821 8287
34 822 9167
34 823 3133
34 824 4375
34 825 9872
35 826 8565
35 827 1041
35 828 4744
35 829 709
35 830 124
35 831 7026
35 832 4203
35 833 3911
35 834 7344
35 835 2551
35 836 2423
35 837 5098
35 838 899
35 839 993
35 840 4102
35 841 2055
35 842 5252
35 843 9806
35 844 6080
35 845 7529
35 846 7599
35 847 9087
35 848 1351
35 849 5247
35 850 9067
35 851 4962
35 852 8923
35 853 2472
35 854 9090
35 855 9986
35 856 7957
35 857 8792
35 858 8910
35 859 7741
35 860 9605
35 861 5823
35 862 5137
35 863 3821
35 864 5025
35 865 7523
35 866 9301
35 867 393
35 868 2961
36 869 4340
36 870 6514
36 871 5372
36 872 1080
36 873 3961
36 874 1407
36 875 4506
36 876 2588
36 877 5808
36 878 2863
36 879 9894
36 880 7928
36 881 4372
36 882 7973
36 883 8673
36 884 6752
36 885 4592
36 886 8376
36 887 7686
36 888 8132
36 889 2074
36 890 7192
36 891 807
36 892 6368
36 893 865
36 894 9860
36 895 9905
36 896 4883
36 897 4728
37 898 2908
37 899 2929
37 900 2848
37 901 4754
37 902 7391
37 903 4765
37 904 5913
37 905 56
37 906 3124
37 907 5997
37 908 3495
37 909 9220
37 910 2031
37 911 6786
37 912 8687
37 913 854
37 914 8986
37 915 6593
37 916 918
37 917 4972
37 918 1880
37 919 149
37 920 2888
37 921 2283
37 922 4411
37 923 9353
37 924 2569
37 925 4865
37 926 23
37 927 771
37 928 6190
38 929 436
38 930 3424
38 931 3170
38 932 7235
38 933 7198
38 934 6563
38 935 8907
38 936 2233
38 937 9714
38 938 2109
38 939 6391
38 940 8977
38 941 8159
38 942 1448
38 943 2548
38 944 8132
38 945 4754
38 946 1271
38 947 281
38 948 7388
38 949 1795
38 950 8139
38 951 2122
38 952 3089
38 953 9916
38 954 6477
38 955 6448
38 956 750
39 957 9659
39 958 2192
39 959 1645
39 960 7152
39 961 8900
39 962 2987
39 963 7663
39 964 270
39 965 9617
39 966 6682
39 967 1609
39 968 5494
39 969 9965
39 970 1163
39 971 5139
39 972 7114
39 973 1227
39 974 2427
39 975 1524
39 976 4304
39 977 4747
39 978 5834
39 979 5428
39 980 7127
39 981 5089
40 982 6874
40 983 261
40 984 4122
40 985 9638
40 986 1612
40 987 2876
40 988 5705
40 989 7174
40 990 5046
40 991 8103
40 992 5664
40 993 922
40 994 1936
40 995 520
40 996 6756
40 997 8912
40 998 9041
40 999 5121
40 1000 3292
40 1001 5415
40 1002 2898
40 1003 6169
40 1004 5125
40 1005 732
40 1006 9934
40 1007 9402
40 1008 5672
40 1009 1665
40 1010 1080
40 1011 6007
40 1012 3672
40 1013 8611
40 1014 8088
41 1015 3361
41 1016 214
41 1017 3739
41 1018 158
41 1019 2752
41 1020 1515
41 1021 3113
41 1022 1773
41 1023 4709
41 1024 6531
42 1025 299
42 1026 497
42 1027 1210
42 1028 2572
42 1029 6687
42 1030 507
42 1031 7691
42 1032 9635
42 1033 1034
42 1034 1831
42 1035 5812
42 1036 9454
42 1037 5249
42 1038 7383
42 1039 2801
42 1040 8522
42 1041 5007
42 1042 6248
42 1043 7091
42 1044 8370
42 1045 4401
42 1046 9953
42 1047 7186
42 1048 5604
42 1049 1768
42 1050 4336
42 1051 1531
42 1052 529
42 1053 83
42 1054 1717
42 1055 312
42 1056 6537
42 1057 395
42 1058 3046
42 1059 5128
42 1060 7436
42 1061 1724
42 1062 4712
42 1063 7471
42 1064 4919
42 1065 5857
43 1066 1951
43 1067 3360
43 1068 487
43 1069 7905
43 1070 5208
43 1071 4120
43 1072 9132
43 1073 4867
43 1074 6442
43 1075 6546
43 1076 1259
43 1077 4344
43 1078 502
43 1079 7869
43 1080 1075
43 1081 3674
43 1082 9474
43 1083 9168
43 1084 8392
43 1085 7057
43 1086 3695
43 1087 9595
43 1088 35
43 1089 6294
43 1090 8152
43 1091 6051
43 1092 5200
43 1093 3699
43 1094 5171
43 1095 504
43 1096 3223
43 1097 6860
43 1098 9371
43 1099 2122
43 1100 7193
43 1101 9951
43 1102 5786
43 1103 6424
43 1104 1828
43 1105 1264
43 1106 7120
43 1107 8627
43 1108 9079
43 1109 1669
43 1110 1050
43 1111 3384
43 1112 9882
43 1113 3676
43 1114 3536
44 1115 5498
44 1116 5783
44 1117 9053
44 1118 1955
44 1119 6883
44 1120 1820
44 1121 3707
44 1122 8024
44 1123 5520
44 1124 9943
44 1125 2147
44 1126 333
44 1127 4156
44 1128 998
44 1129 4232
44 1130 3391
44 1131 881
44 1132 920
44 1133 2376
44 1134 6174
44 1135 4977
44 1136 6862
44 1137 5519
44 1138 7816
44 1139 7985
44 1140 1750
44 1141 653
44 1142 7185
44 1143 8431
44 1144 6936
44 1145 7845
44 1146 3542
44 1147 3633
44 1148 7641
44 1149 9693
44 1150 453
44 1151 7038
44 1152 893
44 1153 1157
44 1154 150
44 1155 4527
45 1156 692
45 1157 536
45 1158 8116
45 1159 9576
46 1160 2010
46 1161 506
46 1162 2899
46 1163 3753
46 1164 6299
46 1165 8898
46 1166 2772
46 1167 3970
46 1168 4499
46 1169 1539
46 1170 9096
46 1171 2072
46 1172 6496
46 1173 5401
46 1174 5737
46 1175 2467
46 1176 8960
46 1177 8469
46 1178 7062
46 1179 9862
46 1180 4108
46 1181 5041
46 1182 4465
46 1183 5802
46 1184 6410
46 1185 7503
46 1186 7560
46 1187 4035
46 1188 9432
46 1189 3001
46 1190 9718
46 1191 603
46 1192 7
46 1193 8456
46 1194 2664
46 1195 9633
46 1196 1913
46 1197 2351
46 1198 9793
46 1199 744
46 1200 6254
46 1201 6741
46 1202 2904
46 1203 9006
47 1204 7909
47 1205 2049
47 1206 3406
47 1207 4965
48 1208 3162
48 1209 4741
48 1210 4130
48 1211 3866
48 1212 3181
48 1213 8880
48 1214 7975
48 1215 3165
48 1216 7325
48 1217 6343
48 1218 7526
48 1219 5146
48 1220 8240
48 1221 4119
48 1222 6598
48 1223 559
48 1224 1678
48 1225 667
48 1226 317
48 1227 2528
48 1228 8410
48 1229 45
48 1230 7843
48 1231 4028
48 1232 7058
48 1233 6091
48 1234 1482
48 1235 1510
48 1236 7530
48 1237 2603
48 1238 9369
48 1239 8117
48 1240 9750
48 1241 451
48 1242 3915
48 1243 4928
48 1244 7368
48 1245 7566
48 1246 3201
48 1247 3670
48 1248 1135
48 1249 2723
48 1250 7511
48 1251 9325
48 1252 1642
48 1253 9090
49 1254 6080
49 1255 6089
49 1256 8444
49 1257 1002
49 1258 5063
49 1259 8797
49 1260 2018
49 1261 1217
49 1262 7274
49 1263 130
49 1264 8900
49 1265 2543
49 1266 194
49 1267 3526
49 1268 7935
49 1269 7168
49 1270 1459
49 1271 5319
49 1272 4052
49 1273 9045
49 1274 8078
49 1275 7044
49 1276 4972
49 1277 7632
49 1278 4611
49 1279 4908
49 1280 9216
49 1281 4267
49 1282 8747
49 1283 6114
49 1284 1363
49 1285 8368
49 1286 7723
49 1287 6735
49 1288 5492
49 1289 5645
49 1290 4024
49 1291 814
49 1292 2745
49 1293 5513
49 1294 3792
50 1295 3946
50 1296 9885
50 1297 6391
50 1298 1068
50 1299 3219
50 1300 547
50 1301 8562
50 1302 3050
50 1303 3538
50 1304 7292
50 1305 1604
50 1306 1915
50 1307 150
50 1308 4000
50 1309 5018
50 1310 9245
50 1311 2802
50 1312 4861
50 1313 5061
50 1314 7532
50 1315 2722
50 1316 7915
50 1317 1628
50 1318 9142
50 1319 5274
50 1320 8111
50 1321 1921
51 1322 4245
51 1323 7059
51 1324 4331
51 1325 751
51 1326 8677
51 1327 1671
51 1328 968
51 1329 878
51 1330 8209
51 1331 8880
51 1332 2286
51 1333 811
51 1334 7843
51 1335 8615
51 1336 2232
51 1337 1371
51 1338 8086
51 1339 2226
51 1340 7360
51 1341 9437
51 1342 1399
52 1343 8352
52 1344 1460
52 1345 889
52 1346 4798
52 1347 7370
52 1348 3522
52 1349 2194
52 1350 4452
52 1351 9696
52 1352 7621
52 1353 4474
52 1354 9366
52 1355 3078
52 1356 8882
52 1357 1479
52 1358 8248
52 1359 3229
52 1360 3362
52 1361 8594
52 1362 8726
52 1363 8927
52 1364 1159
52 1365 6836
52 1366 5158
52 1367 5126
52 1368 4493
52 1369 9707
52 1370 9415
52 1371 7543
52 1372 5462
52 1373 3861
52 1374 6776
52 1375 7143
52 1376 3150
52 1377 9525
52 1378 4169
52 1379 7967
52 1380 4774
52 1381 1589
52 1382 2907
52 1383 6734
52 1384 570
52 1385 7327
53 1386 7656
53 1387 7093
53 1388 1675
53 1389 2155
53 1390 915
53 1391 8617
53 1392 6004
53 1393 3833
53 1394 8218
53 1395 1336
53 1396 1327
53 1397 1257
53 1398 3887
53 1399 46
53 1400 1874
53 1401 9862
54 1402 1986
54 1403 9982
54 1404 3170
54 1405 8395
54 1406 7539
54 1407 8226
54 1408 8370
54 1409 9871
54 1410 2485
54 1411 9737
54 1412 3905
54 1413 853
54 1414 1468
54 1415 2634
54 1416 6256
54 1417 9130
54 1418 7393
54 1419 9528
54 1420 8115
54 1421 207
54 1422 6424
54 1423 8005
54 1424 5135
54 1425 3332
54 1426 3276
55 1427 3432
55 1428 553
55 1429 6488
55 1430 7389
55 1431 5050
55 1432 2239
55 1433 8361
55 1434 491
55 1435 3549
55 1436 7505
55 1437 9256
55 1438 2528
55 1439 6929
55 1440 2972
55 1441 932
55 1442 3852
56 1443 8311
57 1444 6166
57 1445 3802
57 1446 1997
57 1447 6479
57 1448 6235
57 1449 3040
57 1450 5720
57 1451 6254
57 1452 8100
57 1453 756
57 1454 876
57 1455 3596
57 1456 4720
57 1457 391
57 1458 5601
57 1459 1958
57 1460 4988
57 1461 3647
57 1462 5753
57 1463 8629
57 1464 7055
57 1465 5919
57 1466 8309
57 1467 2614
57 1468 3901
57 1469 6564
57 1470 596
57 1471 9076
57 1472 2086
57 1473 6172
57 1474 3802
57 1475 9992
57 1476 9627
57 1477 8039
57 1478 4195
57 1479 5735
57 1480 3933
57 1481 6028
57 1482 508
57 1483 7265
57 1484 5729
57 1485 6005
57 1486 898
57 1487 3601
58 1488 3031
58 1489 7944
58 1490 4288
58 1491 9348
58 1492 1510
58 1493 5105
58 1494 1517
58 1495 2281
58 1496 472
58 1497 3080
58 1498 1614
58 1499 9756
58 1500 1177
58 1501 9511
58 1502 567
58 1503 3528
58 1504 9234
58 1505 459
58 1506 3276
58 1507 664
58 1508 8415
58 1509 7099
58 1510 1234
58 1511 5696
58 1512 8367
58 1513 6064
58 1514 8302
58 1515 6272
58 1516 3380
58 1517 6881
58 1518 9287
58 1519 3237
58 1520 4434
58 1521 4933
58 1522 993
58 1523 1081
58 1524 1684
58 1525 3388
58 1526 440
58 1527 9709
58 1528 9590
58 1529 2528
58 1530 9946
58 1531 3441
58 1532 1861
58 1533 9918
58 1534 3743
58 1535 8206
58 1536 8421
58 1537 9852
59 1538 2856
59 1539 1571
59 1540 5521
59 1541 3733
59 1542 5535
59 1543 3530
59 1544 2317
59 1545 7897
59 1546 1044
59 1547 2566
59 1548 5746
59 1549 1334
59 1550 148
59 1551 9872
59 1552 2357
59 1553 9278
59 1554 6738
59 1555 4402
59 1556 7135
59 1557 3503
59 1558 3821
59 1559 7839
59 1560 5802
59 1561 986
59 1562 4239
59 1563 6893
59 1564 5457
59 1565 1628
59 1566 7083
59 1567 5100
60 1568 4696
60 1569 5723
60 1570 1330
60 1571 7709
60 1572 8681
60 1573 8398
60 1574 7180
60 1575 7633
60 1576 4272
60 1577 7299
61 1578 7854
61 1579 5111
61 1580 7092
62 1581 4442
62 1582 6037
62 1583 8806
62 1584 7081
62 1585 6312
62 1586 3494
62 1587 32
62 1588 1976
62 1589 486
62 1590 7797
62 1591 7373
62 1592 1741
62 1593 3206
62 1594 1935
62 1595 2062
62 1596 2821
62 1597 5313
62 1598 6614
62 1599 4723
62 1600 8706
62 1601 5351
62 1602 6211
62 1603 173
62 1604 7164
62 1605 8816
62 1606 5332
62 1607 8227
62 1608 1050
62 1609 6998
62 1610 673
62 1611 1440
62 1612 4874
62 1613 3851
62 1614 7847
62 1615 5710
63 1616 4325
63 1617 7893
63 1618 4700
63 1619 943
63 1620 2604
63 1621 3131
63 1622 4002
63 1623 9057
63 1624 3680
63 1625 7064
63 1626 5981
63 1627 7325
63 1628 6708
63 1629 8008
63 1630 1248
63 1631 1901
63 1632 3572
63 1633 1145
63 1634 7681
63 1635 3521
63 1636 1109
63 1637 8675
64 1638 5654
64 1639 415
64 1640 2765
64 1641 1500
64 1642 5918
64 1643 1686
64 1644 977
64 1645 1813
64 1646 7942
64 1647 8019
64 1648 8865
64 1649 5116
64 1650 5870
64 1651 6616
64 1652 9428
65 1653 8684
65 1654 832
65 1655 4102
65 1656 2618
65 1657 6539
65 1658 1492
65 1659 4987
66 1660 6302
66 1661 933
66 1662 2993
66 1663 8686
66 1664 8474
66 1665 8190
66 1666 1582
66 1667 6555
66 1668 2685
66 1669 8775
66 1670 817
66 1671 6517
66 1672 3956
66 1673 7485
67 1674 7416
67 1675 6900
67 1676 7673
67 1677 3263
67 1678 9509
67 1679 76
67 1680 5420
68 1681 2073
68 1682 7650
68 1683 2052
68 1684 4824
68 1685 6687
68 1686 577
68 1687 3424
68 1688 3351
68 1689 2138
68 1690 4484
68 1691 9435
68 1692 5951
68 1693 1885
68 1694 6434
68 1695 2176
68 1696 1024
68 1697 24
68 1698 7765
68 1699 6187
68 1700 8949
68 1701 6676
68 1702 5195
68 1703 9224
68 1704 4700
68 1705 8757
68 1706 7373
68 1707 7006
68 1708 2627
68 1709 7048
68 1710 9066
68 1711 352
68 1712 3101
68 1713 5523
68 1714 171
68 1715 8167
68 1716 5692
68 1717 3840
68 1718 1742
68 1719 4699
68 1720 8584
68 1721 8979
68 1722 6212
68 1723 4513
68 1724 8903
68 1725 6916
69 1726 3622
69 1727 3659
69 1728 306
69 1729 3704
69 1730 197
69 1731 5967
69 1732 3096
69 1733 8034
69 1734 3316
69 1735 6265
69 1736 8009
69 1737 2718
69 1738 3173
69 1739 3186
69 1740 7838
69 1741 532
69 1742 1184
69 1743 3793
69 1744 6481
69 1745 7651
69 1746 3443
70 1747 667
70 1748 4524
70 1749 5948
70 1750 5860
70 1751 8297
70 1752 8435
70 1753 5043
70 1754 5422
70 1755 4350
70 1756 9962
70 1757 1518
70 1758 5830
70 1759 278
70 1760 499
70 1761 1789
70 1762 5363
70 1763 7835
70 1764 3054
70 1765 4614
70 1766 1092
70 1767 3288
70 1768 3480
70 1769 6769
70 1770 5854
70 1771 2921
70 1772 4355
70 1773 6127
70 1774 2078
70 1775 5796
70 1776 8683
70 1777 5582
70 1778 7156
70 1779 4693
70 1780 5600
70 1781 6241
70 1782 40
70 1783 1174
70 1784 5293
70 1785 3337
70 1786 3766
71 1787 5290
71 1788 3295
71 1789 3573
71 1790 8756
71 1791 5336
71 1792 5386
71 1793 5320
71 1794 3890
71 1795 3027
71 1796 6405
71 1797 3887
71 1798 8642
71 1799 7390
71 1800 1823
71 1801 6235
71 1802 4276
71 1803 2603
71 1804 1830
71 1805 8833
71 1806 251
71 1807 9043
71 1808 5725
71 1809 4113
71 1810 4383
71 1811 3835
71 1812 3086
71 1813 5672
71 1814 4627
71 1815 8110
72 1816 6883
72 1817 3416
72 1818 3147
72 1819 4819
72 1820 2606
72 1821 494
72 1822 2587
72 1823 8844
72 1824 8706
72 1825 5192
72 1826 2911
72 1827 415
72 1828 9041
72 1829 4060
72 1830 9367
72 1831 5804
72 1832 4621
72 1833 4822
72 1834 9532
72 1835 3376
72 1836 4621
72 1837 2570
72 1838 1699
72 1839 8449
72 1840 3941
72 1841 9140
73 1842 2427
73 1843 6993
74 1844 5399
74 1845 9650
74 1846 2406
74 1847 882
74 1848 8882
74 1849 393
74 1850 8337
74 1851 6184
74 1852 3812
75 1853 3077
75 1854 6613
75 1855 9853
75 1856 6809
75 1857 634
75 1858 5466
75 1859 1519
75 1860 9617
75 1861 5987
75 1862 8414
75 1863 1583
75 1864 4289
75 1865 9694
75 1866 1412
75 1867 6805
75 1868 1769
75 1869 6540
75 1870 9303
76 1871 8648
76 1872 7925
76 1873 1031
76 1874 2863
76 1875 9482
76 1876 2657
76 1877 2422
76 1878 32
76 1879 2761
76 1880 5862
76 1881 2453
76 1882 7758
76 1883 3973
76 1884 676
76 1885 3961
76 1886 3185
76 1887 4186
76 1888 2433
76 1889 4725
76 1890 3140
76 1891 7607
76 1892 1
76 1893 9843
76 1894 7388
76 1895 6531
76 1896 3991
76 1897 1374
76 1898 1701
76 1899 7138
76 1900 6498
76 1901 6148
76 1902 2950
76 1903 4567
76 1904 2080
76 1905 7707
76 1906 3388
76 1907 700
76 1908 4646
76 1909 3298
76 1910 6321
76 1911 3100
77 1912 1866
77 1913 362
77 1914 8547
77 1915 8436
77 1916 3982
77 1917 4429
77 1918 9586
77 1919 7893
77 1920 9635
77 1921 713
77 1922 7554
77 1923 1015
77 1924 4840
77 1925 7764
77 1926 498
77 1927 7138
77 1928 2991
77 1929 917
77 1930 9446
77 1931 3089
77 1932 1890
77 1933 2217
77 1934 1442
77 1935 2755
77 1936 2411
77 1937 7050
77 1938 2803
77 1939 70
77 1940 9708
77 1941 9661
77 1942 1029
77 1943 5110
77 1944 2929
77 1945 4744
77 1946 8795
77 1947 7974
77 1948 4358
77 1949 7294
77 1950 8485
77 1951 155
77 1952 3934
77 1953 7906
77 1954 675
77 1955 8069
77 1956 73
77 1957 5718
77 1958 5026
77 1959 8450
77 1960 2734
77 1961 6169
78 1962 276
78 1963 9681
78 1964 5778
78 1965 8968
78 1966 2936
78 1967 1850
78 1968 1112
78 1969 8731
78 1970 5312
78 1971 8789
78 1972 4151
78 1973 4600
78 1974 5461
78 1975 81
78 1976 1217
78 1977 9763
78 1978 5597
78 1979 3710
78 1980 7675
78 1981 4797
78 1982 2049
78 1983 7299
78 1984 5576
78 1985 1627
78 1986 4892
78 1987 3146
78 1988 6440
78 1989 7388
78 1990 6927
78 1991 3014
78 1992 6361
78 1993 1627
78 1994 6708
78 1995 3609
78 1996 5624
78 1997 5278
79 1998 8669
79 1999 26
79 2000 4856
79 2001 1445
79 2002 8614
79 2003 6076
79 2004 306
79 2005 4862
79 2006 3700
79 2007 7276
79 2008 9934
79 2009 2298
79 2010 1597
79 2011 3655
79 2012 871
79 2013 6093
79 2014 5342
79 2015 1768
79 2016 8503
79 2017 9899
79 2018 2601
79 2019 7313
79 2020 3295
79 2021 1260
79 2022 2178
79 2023 7583
79 2024 8468
80 2025 8703
80 2026 5932
80 2027 6940
80 2028 2200
80 2029 1448
80 2030 5430
80 2031 990
80 2032 4228
80 2033 8195
80 2034 3913
80 2035 3075
80 2036 6845
80 2037 104
80 2038 7606
80 2039 1229
80 2040 3758
80 2041 8514
80 2042 5507
80 2043 7498
80 2044 4490
80 2045 9613
80 2046 1714
80 2047 2833
80 2048 6194
80 2049 7919
80 2050 7903
80 2051 6894
80 2052 9823
80 2053 4510
81 2054 6183
81 2055 5346
81 2056 926
81 2057 3067
81 2058 8962
81 2059 5691
81 2060 4707
81 2061 6148
81 2062 384
81 2063 4107
81 2064 7481
81 2065 8321
81 2066 6275
81 2067 4630
81 2068 1545
81 2069 4082
82 2070 347
82 2071 5893
82 2072 5687
82 2073 3902
82 2074 9134
82 2075 7599
82 2076 7833
82 2077 9587
82 2078 1566
82 2079 9518
82 2080 9967
82 2081 771
82 2082 682
82 2083 233
82 2084 3424
82 2085 6850
82 2086 8290
82 2087 7180
82 2088 5580
82 2089 4790
82 2090 7507
82 2091 8902
82 2092 8195
82 2093 9724
82 2094 6217
82 2095 7356
82 2096 2151
82 2097 1710
82 2098 1125
82 2099 6215
82 2100 5762
82 2101 2068
82 2102 7120
82 2103 6107
82 2104 8843
82 2105 7749
82 2106 1604
82 2107 2727
82 2108 9732
82 2109 7169
82 2110 8494
82 2111 8752
82 2112 7447
82 2113 5949
82 2114 1587
82 2115 5505
83 2116 5985
83 2117 1953
83 2118 5304
83 2119 4212
83 2120 6305
83 2121 9071
83 2122 428
83 2123 4770
83 2124 9135
83 2125 379
83 2126 9646
83 2127 438
83 2128 9622
83 2129 8926
83 2130 8240
83 2131 8894
83 2132 2641
83 2133 3821
83 2134 2462
83 2135 1808
83 2136 5137
83 2137 3165
83 2138 4359
83 2139 4207
83 2140 7424
83 2141 4143
83 2142 7914
83 2143 6473
83 2144 1889
83 2145 9978
83 2146 2426
84 2147 2540
84 2148 8424
84 2149 4076
84 2150 1890
84 2151 3827
84 2152 1495
84 2153 1616
84 2154 6263
84 2155 2178
84 2156 1103
84 2157 7112
84 2158 408
84 2159 8688
84 2160 314
84 2161 7689
84 2162 6914
84 2163 6400
84 2164 4881
84 2165 9204
84 2166 3603
84 2167 608
84 2168 4775
84 2169 7795
84 2170 5237
84 2171 5631
84 2172 367
84 2173 233
84 2174 5364
84 2175 6487
84 2176 2981
84 2177 9028
85 2178 8905
85 2179 4478
85 2180 3210
85 2181 3728
85 2182 6114
85 2183 5575
85 2184 735
85 2185 249
85 2186 5854
85 2187 7586
85 2188 3452
85 2189 1471
85 2190 6028
85 2191 7260
85 2192 563
85 2193 443
85 2194 2453
85 2195 9419
85 2196 1517
85 2197 5436
85 2198 7135
85 2199 7073
85 2200 4273
85 2201 3993
85 2202 509
85 2203 3706
85 2204 9878
85 2205 4624
86 2206 7410
86 2207 9285
86 2208 3309
86 2209 907
86 2210 1577
86 2211 3357
86 2212 7030
86 2213 361
86 2214 1799
86 2215 1991
86 2216 1490
86 2217 599
86 2218 3712
86 2219 3302
86 2220 5227
86 2221 7193
86 2222 1423
86 2223 8804
86 2224 7292
86 2225 3346
86 2226 1241
86 2227 5520
86 2228 703
86 2229 6134
86 2230 391
86 2231 968
86 2232 8833
86 2233 4214
86 2234 5387
86 2235 1952
86 2236 6947
87 2237 9767
87 2238 3105
87 2239 6055
87 2240 7813
87 2241 5870
87 2242 6107
87 2243 1284
87 2244 2199
87 2245 340
87 2246 5529
87 2247 1939
87 2248 287
87 2249 8053
87 2250 2237
87 2251 5462
87 2252 6177
87 2253 4146
87 2254 291
87 2255 2459
87 2256 5064
87 2257 8840
87 2258 8273
87 2259 4988
87 2260 7454
87 2261 4744
87 2262 993
87 2263 5299
87 2264 2340
88 2265 2500
88 2266 7212
88 2267 7781
88 2268 6240
88 2269 6337
88 2270 7313
88 2271 2323
89 2272 3986
89 2273 8167
89 2274 5699
89 2275 1058
89 2276 7429
89 2277 732
89 2278 2232
89 2279 3868
89 2280 6767
89 2281 8150
89 2282 5408
89 2283 6463
89 2284 8839
89 2285 8128
89 2286 7028
89 2287 5398
89 2288 7771
89 2289 6061
89 2290 9385
89 2291 9839
89 2292 3399
89 2293 6125
89 2294 3916
89 2295 2128
89 2296 8500
89 2297 2489
89 2298 4746
89 2299 2707
89 2300 764
89 2301 7861
89 2302 580
89 2303 4078
89 2304 460
89 2305 1546
89 2306 3367
89 2307 3501
89 2308 9712
89 2309 4195
89 2310 7182
89 2311 9103
89 2312 4342
90 2313 5754
90 2314 9094
90 2315 4201
90 2316 3672
90 2317 2097
90 2318 8784
90 2319 2946
90 2320 3882
91 2321 5066
91 2322 3173
91 2323 1230
91 2324 1411
91 2325 3081
91 2326 7870
91 2327 2032
91 2328 6422
91 2329 4730
91 2330 4110
91 2331 5666
91 2332 2160
91 2333 3731
91 2334 9930
91 2335 7471
91 2336 6150
91 2337 6907
91 2338 334
91 2339 5842
91 2340 9324
91 2341 6393
91 2342 3346
91 2343 5722
91 2344 6517
91 2345 2447
91 2346 2069
91 2347 5650
91 2348 6566
91 2349 1553
91 2350 3670
91 2351 596
91 2352 420
91 2353 9505
91 2354 1241
91 2355 7720
91 2356 730
91 2357 4164
91 2358 9465
91 2359 7283
91 2360 1333
91 2361 7561
91 2362 32
91 2363 5881
91 2364 78
92 2365 7735
92 2366 4182
92 2367 3428
92 2368 197
92 2369 3188
92 2370 6374
92 2371 6282
92 2372 3060
92 2373 3105
92 2374 3490
92 2375 5441
93 2376 4071
93 2377 7812
93 2378 171
93 2379 949
93 2380 751
93 2381 538
93 2382 8290
93 2383 1924
93 2384 4465
93 2385 9891
93 2386 1219
93 2387 43
93 2388 3078
93 2389 1875
93 2390 6439
93 2391 6140
93 2392 8130
93 2393 848
93 2394 787
93 2395 8631
93 2396 152
93 2397 2108
93 2398 3023
93 2399 1983
93 2400 8107
93 2401 3679
93 2402 9120
93 2403 1114
93 2404 3880
93 2405 9483
93 2406 8704
93 2407 1387
93 2408 7773
93 2409 1092
94 2410 8903
94 2411 5933
94 2412 226
94 2413 4299
94 2414 776
94 2415 5646
94 2416 9223
94 2417 5656
94 2418 70
94 2419 9438
94 2420 1623
94 2421 7138
94 2422 5093
94 2423 3937
94 2424 95
94 2425 4177
94 2426 7741
94 2427 4396
94 2428 3862
94 2429 1190
94 2430 563
94 2431 859
94 2432 2831
94 2433 2336
94 2434 7250
94 2435 6868
94 2436 614
94 2437 923
94 2438 6226
94 2439 6678
94 2440 3611
95 2441 2035
95 2442 1901
95 2443 8371
95 2444 8923
95 2445 4205
96 2446 4386
96 2447 260
96 2448 8286
96 2449 214
96 2450 4535
96 2451 7265
96 2452 8733
96 2453 8925
96 2454 340
96 2455 3577
96 2456 8345
96 2457 8619
96 2458 4247
96 2459 2626
96 2460 3923
96 2461 3150
96 2462 6095
96 2463 3867
97 2464 4206
97 2465 5979
97 2466 5152
97 2467 293
97 2468 227
97 2469 681
97 2470 4697
97 2471 1649
97 2472 2275
97 2473 5868
97 2474 1078
97 2475 40
97 2476 2765
97 2477 1239
97 2478 4687
98 2479 8009
98 2480 802
98 2481 9094
98 2482 1063
98 2483 505
98 2484 5485
98 2485 5750
98 2486 4093
98 2487 1908
98 2488 252
98 2489 462
98 2490 9736
98 2491 2626
98 2492 2922
98 2493 5088
98 2494 3995
98 2495 8969
98 2496 6867
99 2497 2433
99 2498 3800
99 2499 4799
99 2500 931
99 2501 3741
99 2502 1613
99 2503 5801
99 2504 8113
99 2505 5797
99 2506 3992
99 2507 2824
99 2508 2030
99 2509 8885
99 2510 6367
99 2511 2804
100 2512 5771
100 2513 2023
100 2514 6622
100 2515 900
100 2516 3323
100 2517 4293
100 2518 1055
100 2519 6268
100 2520 5364
100 2521 2867
100 2522 9948
100 2523 811
100 2524 1436
100 2525 5167
100 2526 6752
100 2527 4044
100 2528 1178
101 2529 5650
101 2530 6531
101 2531 8990
101 2532 5411
101 2533 3441
101 2534 5817
101 2535 8682
101 2536 3752
101 2537 9373
101 2538 8820
101 2539 2787
101 2540 9768
101 2541 5111
101 2542 9134
101 2543 6234
101 2544 2764
101 2545 2029
101 2546 2666
101 2547 9059
101 2548 6737
101 2549 8021
101 2550 52
101 2551 7854
101 2552 3393
101 2553 1001
101 2554 9285
101 2555 621
101 2556 7749
101 2557 1294
101 2558 7003
101 2559 4749
101 2560 2213
101 2561 106
101 2562 1858
101 2563 2766
101 2564 101
101 2565 6246
101 2566 8416
101 2567 5586
101 2568 4533
101 2569 8307
101 2570 5025
101 2571 7915
101 2572 3628
102 2573 4079
102 2574 5515
102 2575 7951
102 2576 7174
102 2577 8127
102 2578 9014
102 2579 1141
102 2580 4702
102 2581 258
102 2582 3942
102 2583 9660
102 2584 7092
102 2585 2198
102 2586 1686
102 2587 2602
102 2588 8344
102 2589 8565
102 2590 1053
102 2591 7498
102 2592 2227
102 2593 707
102 2594 5125
102 2595 3054
103 2596 8575
103 2597 3089
103 2598 4759
103 2599 4232
103 2600 4051
103 2601 1747
103 2602 4303
103 2603 9844
103 2604 4192
103 2605 6366
103 2606 8742
103 2607 4709
103 2608 7797
103 2609 5588
103 2610 345
103 2611 6837
103 2612 3768
103 2613 52
103 2614 3061
103 2615 6424
104 2616 9452
104 2617 6548
104 2618 7937
104 2619 3970
104 2620 7686
104 2621 3695
104 2622 3262
104 2623 312
104 2624 810
104 2625 2579
104 2626 8123
104 2627 7393
104 2628 7459
104 2629 8794
104 2630 8942
104 2631 2742
104 2632 6448
104 2633 9086
104 2634 2344
104 2635 3933
104 2636 1227
104 2637 2236
104 2638 4477
104 2639 5630
105 2640 8127
105 2641 2354
105 2642 5903
105 2643 2294
105 2644 930
105 2645 4384
105 2646 5274
105 2647 3428
105 2648 7350
105 2649 2298
105 2650 6897
105 2651 1931
105 2652 5869
105 2653 1645
105 2654 1344
105 2655 9252
105 2656 7921
105 2657 3050
105 2658 4409
105 2659 4649
105 2660 6938
105 2661 1420
105 2662 1377
105 2663 8873
105 2664 6206
105 2665 5294
105 2666 6201
105 2667 2223
105 2668 1466
105 2669 3506
106 2670 1627
106 2671 9200
106 2672 1367
106 2673 420
106 2674 6467
106 2675 6534
106 2676 3547
106 2677 5999
106 2678 7811
106 2679 3705
106 2680 5839
106 2681 9464
106 2682 757
106 2683 5023
106 2684 2999
106 2685 7913
106 2686 4571
106 2687 9263
106 2688 4850
106 2689 7600
106 2690 301
106 2691 5428
106 2692 7835
106 2693 3676
106 2694 561
106 2695 4831
106 2696 4200
106 2697 2331
106 2698 1168
106 2699 5405
106 2700 6012
106 2701 8779
106 2702 9331
106 2703 9216
106 2704 6179
106 2705 9514
106 2706 8057
106 2707 9080
106 2708 3678
106 2709 2285
106 2710 1485
106 2711 5251
106 2712 5158
106 2713 2225
106 2714 822
106 2715 8099
107 2716 7565
108 2717 7725
108 2718 1921
108 2719 3379
108 2720 9747
108 2721 6441
108 2722 1544
108 2723 6793
108 2724 7740
108 2725 5066
108 2726 6755
108 2727 2096
108 2728 9565
108 2729 8963
108 2730 3399
108 2731 9189
108 2732 128
108 2733 4765
108 2734 1280
108 2735 3816
108 2736 2237
108 2737 3712
108 2738 1726
108 2739 3007
108 2740 8023
108 2741 2560
108 2742 9043
108 2743 4171
108 2744 8472
109 2745 3046
109 2746 1283
109 2747 5750
109 2748 5367
109 2749 4846
109 2750 6597
109 2751 8001
109 2752 8088
109 2753 3091
109 2754 1323
109 2755 1325
109 2756 7953
109 2757 2838
109 2758 3706
109 2759 8601
109 2760 2987
109 2761 4259
109 2762 7946
109 2763 9856
109 2764 3373
109 2765 3347
109 2766 2398
109 2767 3868
109 2768 1512
109 2769 1830
109 2770 477
109 2771 5683
109 2772 7145
109 2773 8467
109 2774 2732
109 2775 9739
109 2776 3468
109 2777 8922
109 2778 3490
109 2779 3284
109 2780 5183
109 2781 6396
109 2782 544
109 2783 9770
109 2784 4421
110 2785 1296
110 2786 6921
111 2787 4518
111 2788 3809
111 2789 9154
111 2790 4261
111 2791 4370
111 2792 6192
111 2793 9039
111 2794 3505
111 2795 1244
111 2796 2765
111 2797 7498
111 2798 9499
111 2799 5315
111 2800 445
111 2801 7412
111 2802 1454
111 2803 6592
111 2804 3774
111 2805 344
111 2806 9329
111 2807 2134
111 2808 2043
111 2809 1044
111 2810 1106
111 2811 1528
111 2812 6943
111 2813 9445
111 2814 5426
112 2815 4180
112 2816 4818
112 2817 541
112 2818 6050
112 2819 7491
112 2820 1787
112 2821 5507
112 2822 6698
112 2823 8502
112 2824 2890
112 2825 4562
112 2826 6023
112 2827 863
112 2828 7362
112 2829 629
112 2830 695
112 2831 2097
112 2832 845
112 2833 8872
112 2834 8767
112 2835 1602
112 2836 5693
112 2837 6251
112 2838 4242
112 2839 8240
112 2840 6586
112 2841 8008
112 2842 7390
112 2843 5961
112 2844 1106
112 2845 7030
112 2846 8018
112 2847 881
112 2848 9992
112 2849 7016
112 2850 3878
112 2851 8275
112 2852 6752
112 2853 5386
112 2854 1398
113 2855 1309
113 2856 6885
113 2857 926
113 2858 1075
113 2859 7386
113 2860 3797
113 2861 3670
113 2862 8059
113 2863 8302
113 2864 3725
113 2865 2529
113 2866 8956
113 2867 883
113 2868 861
113 2869 3994
114 2870 2154
114 2871 1696
114 2872 3315
114 2873 6196
114 2874 8519
114 2875 1095
114 2876 112
114 2877 5743
114 2878 2111
114 2879 9687
114 2880 6630
114 2881 8121
114 2882 3988
114 2883 8494
114 2884 5810
114 2885 818
114 2886 8883
114 2887 1749
114 2888 1378
114 2889 6219
114 2890 1178
114 2891 3834
114 2892 7129
114 2893 4391
114 2894 6795
114 2895 1273
114 2896 7602
114 2897 7018
114 2898 697
114 2899 5726
114 2900 7324
114 2901 5936
114 2902 4678
114 2903 8915
114 2904 823
115 2905 5140
115 2906 5421
115 2907 579
115 2908 6546
115 2909 5526
115 2910 4286
115 2911 5126
115 2912 7426
115 2913 3121
115 2914 5366
115 2915 4464
115 2916 7166
115 2917 4888
115 2918 1370
115 2919 4994
115 2920 7554
115 2921 2038
115 2922 1509
115 2923 1147
115 2924 593
115 2925 8019
115 2926 7714
115 2927 5897
115 2928 5402
116 2929 9349
116 2930 7356
116 2931 7217
116 2932 5778
116 2933 7350
116 2934 3623
116 2935 6915
116 2936 4111
116 2937 3746
116 2938 3089
116 2939 4508
116 2940 9279
116 2941 7479
116 2942 2370
116 2943 5028
116 2944 3465
116 2945 2475
116 2946 9076
116 2947 265
116 2948 3285
116 2949 8899
116 2950 1578
116 2951 4775
116 2952 2952
116 2953 3528
116 2954 2987
116 2955 9603
116 2956 8358
116 2957 185
116 2958 1514
116 2959 2164
116 2960 1760
116 2961 6170
116 2962 4399
116 2963 5700
116 2964 1760
116 2965 5620
116 2966 7612
116 2967 6788
116 2968 8260
116 2969 5745
116 2970 8498
116 2971 4285
116 2972 7098
116 2973 6872
116 2974 3556
116 2975 8197
116 2976 4022
116 2977 2229
117 2978 1880
117 2979 2724
117 2980 8425
117 2981 3117
117 2982 6012
117 2983 6592
117 2984 2536
117 2985 7101
117 2986 7796
117 2987 8885
117 2988 6761
117 2989 739
117 2990 3794
117 2991 1014
117 2992 6569
117 2993 5950
117 2994 9872
117 2995 3616
117 2996 3284
117 2997 872
117 2998 6658
117 2999 106
117 3000 7032
117 3001 4851
117 3002 3970
117 3003 7398
117 3004 1007
117 3005 6064
117 3006 2646
117 3007 3481
117 3008 2977
117 3009 8975
117 3010 7213
117 3011 6543
117 3012 4976
117 3013 3791
117 3014 7838
117 3015 5320
117 3016 7114
117 3017 5126
117 3018 4982
117 3019 5358
117 3020 6451
118 3021 5223
118 3022 897
118 3023 6862
118 3024 6696
118 3025 1653
118 3026 7030
118 3027 837
118 3028 3675
118 3029 7315
118 3030 1853
118 3031 9156
119 3032 5094
119 3033 3281
119 3034 9364
119 3035 9461
119 3036 2521
119 3037 217
119 3038 9002
119 3039 3633
119 3040 4906
119 3041 2767
119 3042 4515
119 3043 9963
119 3044 5257
119 3045 1183
119 3046 1781
119 3047 5888
119 3048 4412
119 3049 8225
119 3050 9205
119 3051 6098
119 3052 9816
119 3053 4629
119 3054 9301
119 3055 8507
119 3056 6402
119 3057 2368
119 3058 9713
119 3059 8479
119 3060 7984
119 3061 5393
119 3062 9606
119 3063 8502
119 3064 2626
119 3065 2539
119 3066 2362
119 3067 5504
119 3068 409
120 3069 528
120 3070 2989
120 3071 7035
120 3072 4109
120 3073 3945
120 3074 186
120 3075 1717
120 3076 5918
120 3077 6994
120 3078 5399
120 3079 2772
120 3080 2619
121 3081 5742
121 3082 9379
121 3083 5117
121 3084 2077
121 3085 446
121 3086 2915
121 3087 4687
121 3088 2282
121 3089 9931
121 3090 6329
121 3091 2304
121 3092 1805
121 3093 7828
121 3094 4971
121 3095 7651
121 3096 1353
121 3097 8135
121 3098 7332
121 3099 7469
121 3100 3713
121 3101 4696
121 3102 9116
121 3103 7967
121 3104 1104
121 3105 5199
121 3106 9098
121 3107 949
121 3108 9146
121 3109 6862
121 3110 187
122 3111 8386
122 3112 6016
122 3113 4152
122 3114 4958
122 3115 9320
122 3116 8758
122 3117 3427
122 3118 3731
122 3119 1851
122 3120 4863
122 3121 8451
122 3122 3856
122 3123 5119
122 3124 2150
122 3125 3973
122 3126 5780
122 3127 8632
122 3128 3483
122 3129 2751
122 3130 3174
122 3131 654
122 3132 3597
122 3133 101
122 3134 6430
122 3135 4770
122 3136 7930
122 3137 7721
122 3138 7385
122 3139 570
122 3140 664
122 3141 220
122 3142 9966
122 3143 9398
122 3144 4144
122 3145 2816
122 3146 6434
122 3147 1094
122 3148 6879
122 3149 3608
122 3150 3931
122 3151 2668
122 3152 2296
123 3153 1002
123 3154 4845
123 3155 5450
123 3156 4911
123 3157 8780
123 3158 7427
123 3159 9869
123 3160 4563
123 3161 6538
123 3162 9388
123 3163 1720
123 3164 2381
123 3165 6272
123 3166 4658
123 3167 3493
123 3168 6343
123 3169 6026
123 3170 9534
123 3171 4380
123 3172 9869
123 3173 6624
123 3174 2644
123 3175 9538
123 3176 2486
123 3177 1514
123 3178 3404
123 3179 5433
123 3180 2568
123 3181 4406
123 3182 9914
123 3183 3440
123 3184 619
123 3185 4384
123 3186 2224
123 3187 8898
123 3188 6505
123 3189 3192
123 3190 1908
123 3191 7795
123 3192 9104
123 3193 4374
123 3194 3884
123 3195 8281
123 3196 1783
123 3197 8956
124 3198 9191
124 3199 2158
124 3200 7357
124 3201 245
124 3202 2774
124 3203 9572
124 3204 2222
124 3205 2760
125 3206 8717
125 3207 1858
125 3208 8190
125 3209 2227
125 3210 2853
125 3211 8962
125 3212 9710
125 3213 1690
125 3214 5054
125 3215 4332
125 3216 4429
125 3217 851
125 3218 910
125 3219 244
125 3220 7178
125 3221 9956
125 3222 1148
125 3223 3186
125 3224 4054
126 3225 7572
126 3226 632
126 3227 6640
126 3228 4514
126 3229 800
126 3230 1551
126 3231 2848
126 3232 7797
126 3233 3203
126 3234 5331
126 3235 5320
126 3236 705
126 3237 5500
126 3238 8809
126 3239 3331
126 3240 2261
126 3241 447
126 3242 6092
126 3243 9115
126 3244 2630
126 3245 2045
126 3246 863
126 3247 4573
126 3248 6853
126 3249 3720
126 3250 5851
126 3251 9280
126 3252 1232
126 3253 3904
126 3254 9160
126 3255 5745
126 3256 9520
126 3257 2451
126 3258 2136
126 3259 2852
126 3260 1138
126 3261 6338
126 3262 8469
126 3263 3422
126 3264 8587
126 3265 8074
126 3266 9212
126 3267 6834
126 3268 6240
126 3269 5266
126 3270 3401
126 3271 2642
126 3272 7720
126 3273 4771
127 3274 6125
127 3275 4030
127 3276 9881
127 3277 3681
127 3278 1708
127 3279 9637
127 3280 3965
127 3281 616
127 3282 5194
127 3283 8691
127 3284 9020
127 3285 8175
127 3286 740
127 3287 8569
127 3288 2560
127 3289 8995
127 3290 3517
127 3291 2929
127 3292 1279
127 3293 7661
127 3294 3988
127 3295 1469
127 3296 4934
127 3297 1810
127 3298 4752
127 3299 8561
127 3300 8880
127 3301 6354
127 3302 5877
127 3303 7975
127 3304 8684
127 3305 5487
127 3306 9671
127 3307 5849
127 3308 5288
127 3309 2179
127 3310 819
127 3311 9121
127 3312 4113
127 3313 9830
127 3314 2837
127 3315 1588
127 3316 6582
127 3317 5793
127 3318 6763
128 3319 7476
128 3320 1420
128 3321 3038
128 3322 5939
128 3323 6568
128 3324 8360
128 3325 2502
128 3326 9956
128 3327 7972
128 3328 5760
128 3329 7460
128 3330 8019
128 3331 5646
128 3332 8075
128 3333 8728
128 3334 9587
128 3335 8483
128 3336 8177
128 3337 9625
128 3338 234
128 3339 3430
128 3340 5436
128 3341 2834
128 3342 2412
129 3343 3471
130 3344 1365
130 3345 5114
130 3346 7266
130 3347 7473
130 3348 3355
130 3349 216
131 3350 6752
131 3351 8406
131 3352 1588
131 3353 9491
131 3354 2858
131 3355 4750
131 3356 4810
131 3357 8383
131 3358 4281
131 3359 7149
131 3360 3307
131 3361 8660
131 3362 2821
131 3363 6304
131 3364 3901
131 3365 4291
131 3366 6795
131 3367 1517
131 3368 7907
131 3369 2219
131 3370 4615
131 3371 3805
132 3372 6205
132 3373 9670
132 3374 1654
132 3375 1574
132 3376 7534
132 3377 2467
133 3378 7230
133 3379 7256
133 3380 939
133 3381 760
133 3382 4158
133 3383 9666
133 3384 4888
133 3385 3738
133 3386 6512
133 3387 1690
133 3388 5477
133 3389 676
133 3390 8041
133 3391 7892
133 3392 5724
133 3393 9060
133 3394 8110
133 3395 5761
133 3396 2927
133 3397 6220
133 3398 759
133 3399 983
133 3400 8961
133 3401 4783
133 3402 224
133 3403 7384
133 3404 9382
133 3405 8272
133 3406 1361
133 3407 1222
133 3408 7279
133 3409 4023
133 3410 8411
134 3411 2812
134 3412 5614
134 3413 535
134 3414 7181
134 3415 4361
134 3416 1997
134 3417 7576
134 3418 2376
134 3419 2247
134 3420 5512
134 3421 4466
134 3422 5241
134 3423 940
134 3424 5979
134 3425 7719
134 3426 9205
134 3427 704
134 3428 3050
134 3429 2461
134 3430 9870
134 3431 4611
134 3432 4013
134 3433 3419
135 3434 1868
135 3435 9225
135 3436 8312
135 3437 2645
135 3438 3383
135 3439 2377
136 3440 5095
136 3441 522
136 3442 7771
136 3443 5415
136 3444 22
136 3445 2983
136 3446 1789
136 3447 5941
136 3448 1827
136 3449 6726
136 3450 755
136 3451 5635
136 3452 9864
136 3453 7909
136 3454 2369
136 3455 2773
136 3456 5928
136 3457 3746
136 3458 2905
136 3459 1927
136 3460 6710
136 3461 6241
136 3462 7354
136 3463 421
136 3464 5928
136 3465 9734
136 3466 4705
136 3467 4698
136 3468 5805
136 3469 8187
136 3470 5554
136 3471 16
136 3472 2600
136 3473 3160
136 3474 4220
136 3475 1929
137 3476 8397
137 3477 2565
137 3478 2979
137 3479 6113
137 3480 1989
137 3481 7691
137 3482 3040
137 3483 606
137 3484 2010
137 3485 729
137 3486 6758
137 3487 1925
137 3488 6611
137 3489 8868
137 3490 6507
137 3491 9020
137 3492 4461
137 3493 7850
137 3494 4324
137 3495 5436
137 3496 6521
137 3497 7093
137 3498 1230
137 3499 4389
137 3500 5039
137 3501 4644
137 3502 7409
137 3503 5384
137 3504 751
137 3505 4139
138 3506 2067
138 3507 4187
138 3508 962
138 3509 3504
138 3510 5994
138 3511 2046
138 3512 9797
138 3513 6611
138 3514 6001
139 3515 744
139 3516 6594
139 3517 7877
139 3518 4794
139 3519 6209
139 3520 1992
139 3521 4003
139 3522 5825
139 3523 5731
139 3524 1657
139 3525 7677
139 3526 6711
139 3527 956
139 3528 7056
139 3529 1775
139 3530 3224
139 3531 7927
139 3532 2903
139 3533 6471
139 3534 4261
139 3535 8892
139 3536 4579
139 3537 5680
140 3538 808
140 3539 5764
140 3540 6917
140 3541 1846
140 3542 2732
140 3543 4714
140 3544 4269
140 3545 2810
140 3546 9287
140 3547 2640
140 3548 9152
140 3549 4731
140 3550 2388
140 3551 2606
140 3552 8553
140 3553 2818
140 3554 8420
140 3555 2391
140 3556 5441
140 3557 5719
140 3558 3051
140 3559 9761
140 3560 1026
140 3561 7963
140 3562 869
140 3563 3576
140 3564 3574
140 3565 5591
140 3566 2032
140 3567 9167
140 3568 3437
140 3569 905
140 3570 3115
140 3571 1447
140 3572 9016
140 3573 7277
140 3574 4347
140 3575 4153
140 3576 3317
140 3577 9953
140 3578 417
140 3579 8693
140 3580 5807
140 3581 3789
140 3582 7049
140 3583 1013
140 3584 9249
140 3585 3867
140 3586 520
140 3587 9930
141 3588 9902
141 3589 2319
141 3590 5369
141 3591 4895
141 3592 417
141 3593 6124
141 3594 9942
141 3595 9092
141 3596 7581
141 3597 9299
141 3598 2294
141 3599 1763
141 3600 8684
141 3601 6084
141 3602 5677
141 3603 7113
141 3604 5161
141 3605 4677
141 3606 170
141 3607 740
141 3608 5116
141 3609 5382
141 3610 1986
141 3611 2585
141 3612 279
141 3613 2027
141 3614 8314
141 3615 2358
141 3616 3333
141 3617 3829
141 3618 1117
141 3619 2137
142 3620 9892
142 3621 8340
142 3622 5819
142 3623 7681
142 3624 3533
142 3625 5955
142 3626 113
142 3627 4006
142 3628 8619
142 3629 9279
142 3630 6769
142 3631 538
142 3632 5103
142 3633 7017
142 3634 718
142 3635 3259
142 3636 5947
142 3637 6444
142 3638 3822
142 3639 3366
142 3640 2617
142 3641 3192
142 3642 8918
142 3643 3445
142 3644 1343
142 3645 4048
142 3646 3835
142 3647 1518
142 3648 7327
142 3649 6234
142 3650 88
142 3651 3898
142 3652 9086
143 3653 5925
143 3654 2792
143 3655 124
143 3656 9005
143 3657 8412
143 3658 9583
143 3659 107
143 3660 3881
144 3661 9738
144 3662 2747
144 3663 7465
144 3664 4026
144 3665 270
144 3666 2568
144 3667 5092
144 3668 9533
144 3669 5706
144 3670 7744
144 3671 6418
144 3672 8923
144 3673 3470
144 3674 1204
144 3675 6191
144 3676 9321
144 3677 4659
144 3678 7183
144 3679 8998
144 3680 1600
144 3681 1109
144 3682 5409
145 3683 7029
145 3684 4722
145 3685 115
145 3686 9919
145 3687 451
145 3688 9963
145 3689 6066
145 3690 8294
145 3691 9698
145 3692 5489
145 3693 8780
145 3694 2459
145 3695 5922
145 3696 5832
145 3697 1140
145 3698 6668
145 3699 4529
145 3700 9077
145 3701 3574
145 3702 9211
145 3703 1408
145 3704 1476
145 3705 8
145 3706 1157
145 3707 4146
145 3708 4931
145 3709 6756
145 3710 6566
145 3711 2899
145 3712 8289
145 3713 6552
145 3714 2597
145 3715 629
146 3716 4909
146 3717 2962
146 3718 7380
146 3719 1734
146 3720 986
146 3721 3150
146 3722 8282
146 3723 2935
146 3724 153
146 3725 874
146 3726 9979
146 3727 516
146 3728 448
146 3729 164
146 3730 5157
146 3731 6357
146 3732 104
146 3733 2555
146 3734 9866
146 3735 9519
146 3736 8338
146 3737 3796
146 3738 3328
146 3739 447
146 3740 6588
146 3741 9530
146 3742 4902
146 3743 6481
146 3744 2395
146 3745 8374
146 3746 7917
146 3747 4611
146 3748 3097
146 3749 5837
146 3750 5037
146 3751 2424
146 3752 1542
146 3753 7519
146 3754 4863
146 3755 3159
146 3756 1003
146 3757 5021
147 3758 5835
147 3759 1469
147 3760 3009
147 3761 7449
147 3762 6363
147 3763 4520
147 3764 872
147 3765 2478
147 3766 597
147 3767 8964
147 3768 7397
147 3769 1571
147 3770 5259
147 3771 4413
147 3772 1922
147 3773 3213
147 3774 7664
147 3775 5007
147 3776 379
147 3777 9768
147 3778 203
147 3779 458
147 3780 9685
148 3781 497
148 3782 6602
148 3783 8909
148 3784 3991
148 3785 3179
148 3786 2657
148 3787 649
148 3788 2297
148 3789 4237
148 3790 7362
148 3791 1069
148 3792 7125
148 3793 3847
148 3794 1193
148 3795 2019
148 3796 2113
148 3797 8641
148 3798 6845
148 3799 3686
148 3800 3267
149 3801 5149
149 3802 1209
149 3803 8120
149 3804 4757
149 3805 8643
149 3806 3696
149 3807 6746
149 3808 7878
149 3809 9959
149 3810 9082
149 3811 9320
149 3812 5355
149 3813 7216
149 3814 3264
149 3815 9900
149 3816 5952
149 3817 3627
149 3818 6947
149 3819 1139
149 3820 9109
149 3821 3476
149 3822 8650
149 3823 9593
149 3824 9501
149 3825 1685
149 3826 7295
149 3827 6326
149 3828 8523
149 3829 9127
149 3830 2828
149 3831 2495
149 3832 8653
149 3833 903
149 3834 8298
149 3835 4602
149 3836 1614
149 3837 9746
149 3838 1850
149 3839 9104
149 3840 6293
149 3841 1752
149 3842 2045
149 3843 1058
149 3844 7338
149 3845 6625
149 3846 4967
149 3847 6514
150 3848 9614
150 3849 6538
151 3850 4774
151 3851 7350
151 3852 8492
151 3853 9948
151 3854 9953
151 3855 4742
151 3856 1433
151 3857 7362
151 3858 6051
151 3859 5144
151 3860 3422
151 3861 3023
151 3862 5024
151 3863 971
151 3864 7532
151 3865 2326
151 3866 3027
152 3867 6800
152 3868 6778
152 3869 48
152 3870 3181
152 3871 25
152 3872 3749
152 3873 7722
152 3874 255
152 3875 6837
152 3876 7445
152 3877 1270
152 3878 3507
152 3879 5484
152 3880 5799
152 3881 6493
152 3882 8706
152 3883 1775
152 3884 2974
152 3885 7769
152 3886 6299
152 3887 2603
152 3888 2152
152 3889 7970
152 3890 6416
152 3891 2507
152 3892 8306
152 3893 6266
152 3894 1833
152 3895 6690
152 3896 5643
152 3897 4727
152 3898 1062
152 3899 8945
152 3900 9397
152 3901 9676
153 3902 7913
153 3903 6667
153 3904 8721
153 3905 5721
153 3906 131
153 3907 5990
153 3908 9415
153 3909 5381
153 3910 3285
153 3911 323
153 3912 466
153 3913 9457
153 3914 8115
153 3915 3139
153 3916 1452
153 3917 9479
153 3918 2415
153 3919 2313
153 3920 1963
153 3921 6652
153 3922 5560
153 3923 1485
153 3924 6116
153 3925 7159
153 3926 6993
153 3927 3595
153 3928 3381
153 3929 5097
153 3930 7119
153 3931 6274
153 3932 1650
153 3933 244
153 3934 4036
153 3935 3775
153 3936 3488
153 3937 2826
153 3938 4546
153 3939 5135
153 3940 1514
153 3941 2499
153 3942 2878
153 3943 3259
153 3944 3828
153 3945 3701
154 3946 4603
154 3947 5444
154 3948 4592
154 3949 5915
154 3950 4154
154 3951 6651
154 3952 1749
154 3953 6494
154 3954 5390
154 3955 4250
154 3956 7807
154 3957 3095
154 3958 9909
154 3959 6594
154 3960 4247
154 3961 8596
154 3962 6410
154 3963 8379
154 3964 6499
154 3965 159
154 3966 3721
154 3967 6112
154 3968 3560
154 3969 8212
154 3970 7554
154 3971 211
154 3972 9312
154 3973 638
155 3974 4653
155 3975 7725
155 3976 622
155 3977 1210
155 3978 122
155 3979 9136
155 3980 1588
155 3981 8666
155 3982 1592
155 3983 9789
155 3984 7660
155 3985 2538
155 3986 6281
155 3987 1820
155 3988 3090
155 3989 3001
155 3990 2909
155 3991 5890
155 3992 9086
155 3993 8495
155 3994 8210
155 3995 3628
155 3996 1486
155 3997 9844
155 3998 1619
155 3999 2099
155 4000 7700
155 4001 5607
155 4002 4088
156 4003 6376
156 4004 3344
156 4005 1952
156 4006 4
156 4007 8210
156 4008 6492
156 4009 1803
156 4010 7796
156 4011 1354
156 4012 1531
156 4013 7282
156 4014 1043
156 4015 9847
156 4016 5133
156 4017 3758
156 4018 4431
156 4019 8508
156 4020 5974
156 4021 1806
156 4022 9594
156 4023 2738
156 4024 905
156 4025 5429
156 4026 4912
156 4027 6656
156 4028 169
156 4029 5975
156 4030 4809
156 4031 8017
156 4032 1343
156 4033 7663
156 4034 5763
156 4035 3341
156 4036 6698
156 4037 5675
156 4038 1198
156 4039 1697
156 4040 3670
157 4041 2445
157 4042 573
157 4043 3119
157 4044 5153
157 4045 7971
157 4046 2281
157 4047 5069
157 4048 4170
157 4049 8058
157 4050 4318
157 4051 6618
157 4052 3701
157 4053 7116
157 4054 2137
158 4055 257
158 4056 815
158 4057 7747
158 4058 7409
158 4059 6080
158 4060 241
158 4061 2608
158 4062 6498
158 4063 1394
159 4064 8222
159 4065 877
160 4066 4158
160 4067 2887
160 4068 5653
160 4069 1123
160 4070 2141
160 4071 8040
160 4072 8485
160 4073 7577
160 4074 5217
160 4075 2625
160 4076 3923
160 4077 942
160 4078 2310
160 4079 8926
160 4080 7412
160 4081 9950
160 4082 2397
160 4083 8305
160 4084 8643
160 4085 8854
160 4086 8992
160 4087 274
160 4088 8962
160 4089 9775
160 4090 9135
160 4091 3356
160 4092 2495
160 4093 1673
160 4094 4090
160 4095 1142
160 4096 5703
160 4097 6872
160 4098 3918
160 4099 2023
161 4100 1083
161 4101 3133
161 4102 5990
161 4103 7372
161 4104 7862
161 4105 9617
161 4106 6980
161 4107 2965
161 4108 3437
161 4109 3980
161 4110 4174
161 4111 5521
161 4112 2846
161 4113 1568
161 4114 703
161 4115 9162
161 4116 3317
161 4117 4283
161 4118 3190
161 4119 6916
161 4120 5835
161 4121 4419
161 4122 579
161 4123 444
161 4124 833
161 4125 7701
162 4126 5683
162 4127 8931
162 4128 7705
162 4129 7783
162 4130 4096
162 4131 2683
162 4132 8857
162 4133 94
162 4134 4212
162 4135 252
162 4136 189
162 4137 9886
162 4138 3147
162 4139 6955
162 4140 7050
162 4141 5344
162 4142 2798
162 4143 5618
162 4144 2948
162 4145 7229
162 4146 386
162 4147 1681
162 4148 8719
162 4149 8885
162 4150 8046
162 4151 3977
162 4152 1208
162 4153 3036
162 4154 1145
163 4155 8648
163 4156 8787
163 4157 17
163 4158 6583
163 4159 4929
163 4160 7284
163 4161 4812
163 4162 1929
163 4163 9934
163 4164 9461
163 4165 8124
163 4166 9932
163 4167 8144
163 4168 4317
163 4169 5112
163 4170 2733
163 4171 2690
163 4172 1154
163 4173 5784
163 4174 2434
163 4175 7041
163 4176 4218
163 4177 9131
163 4178 7917
163 4179 1514
163 4180 3186
163 4181 3816
163 4182 4850
163 4183 6802
163 4184 7921
163 4185 5082
163 4186 4809
163 4187 1695
163 4188 947
163 4189 2587
163 4190 4465
164 4191 6080
164 4192 8836
164 4193 759
164 4194 4174
164 4195 6638
164 4196 2913
164 4197 3021
164 4198 6876
164 4199 1689
164 4200 9190
164 4201 7948
164 4202 9257
164 4203 3759
164 4204 5706
164 4205 8399
164 4206 6540
164 4207 6444
164 4208 1897
164 4209 1937
164 4210 9074
164 4211 5359
164 4212 374
164 4213 45
164 4214 694
164 4215 866
164 4216 2430
164 4217 3975
164 4218 8793
164 4219 6021
164 4220 1965
164 4221 8149
164 4222 8273
164 4223 8163
164 4224 7515
164 4225 7054
164 4226 6576
165 4227 7073
165 4228 6578
165 4229 1971
165 4230 1850
165 4231 5398
165 4232 5711
165 4233 2294
165 4234 8753
165 4235 8481
165 4236 9556
165 4237 6326
165 4238 7117
165 4239 4873
165 4240 9586
165 4241 4989
165 4242 8106
165 4243 8557
165 4244 2088
165 4245 4559
165 4246 5942
165 4247 3049
165 4248 723
165 4249 9078
165 4250 1318
165 4251 1412
165 4252 4147
165 4253 4153
165 4254 5963
165 4255 1882
165 4256 4629
165 4257 9324
165 4258 1791
165 4259 3787
165 4260 8599
165 4261 1197
165 4262 3092
165 4263 3441
165 4264 5074
165 4265 4535
166 4266 4710
166 4267 2884
166 4268 3467
166 4269 7885
166 4270 3935
166 4271 2650
166 4272 38
166 4273 7567
166 4274 3892
166 4275 4445
166 4276 2262
166 4277 5655
166 4278 6488
166 4279 7073
166 4280 8879
166 4281 7590
166 4282 8872
166 4283 9909
166 4284 2993
166 4285 345
166 4286 2656
166 4287 3237
166 4288 1790
166 4289 2049
166 4290 921
166 4291 8017
167 4292 2138
167 4293 2709
167 4294 1024
167 4295 5898
167 4296 5468
167 4297 9685
167 4298 6301
167 4299 7218
167 4300 8833
167 4301 4649
167 4302 8851
167 4303 2187
167 4304 3320
167 4305 6590
167 4306 1516
167 4307 9856
167 4308 951
167 4309 1981
167 4310 979
167 4311 1707
167 4312 9023
167 4313 6982
167 4314 3820
168 4315 614
168 4316 246
168 4317 8570
168 4318 535
168 4319 4677
168 4320 1033
168 4321 4701
168 4322 4070
168 4323 4154
168 4324 2284
168 4325 4486
168 4326 3491
168 4327 5563
168 4328 3385
168 4329 8661
168 4330 9021
168 4331 8483
168 4332 2264
168 4333 1847
168 4334 6590
168 4335 8381
168 4336 1551
168 4337 8641
168 4338 5580
168 4339 1212
168 4340 8454
169 4341 8262
169 4342 3241
169 4343 3062
169 4344 5203
169 4345 3132
169 4346 4512
169 4347 4747
169 4348 2255
169 4349 9307
169 4350 9408
169 4351 1365
169 4352 9461
169 4353 4195
169 4354 2740
169 4355 932
169 4356 2323
169 4357 1607
169 4358 4795
169 4359 473
169 4360 9758
169 4361 2507
169 4362 3798
169 4363 1720
169 4364 1238
169 4365 5589
169 4366 9201
169 4367 8363
169 4368 2097
169 4369 9862
169 4370 4257
169 4371 4516
169 4372 2978
170 4373 1307
170 4374 9122
170 4375 4321
170 4376 1693
170 4377 8218
170 4378 5941
170 4379 1859
170 4380 9040
170 4381 9415
170 4382 3849
170 4383 4042
170 4384 1412
170 4385 9934
170 4386 7108
170 4387 7335
170 4388 1729
170 4389 5945
170 4390 304
170 4391 321
170 4392 3495
170 4393 175
170 4394 7645
170 4395 2556
170 4396 8713
170 4397 5671
170 4398 1300
170 4399 9099
170 4400 5316
170 4401 6344
170 4402 8466
170 4403 6671
170 4404 1299
170 4405 7720
171 4406 2372
171 4407 7734
171 4408 6349
171 4409 3299
171 4410 885
171 4411 7857
171 4412 1306
171 4413 5105
171 4414 1127
171 4415 4429
172 4416 8954
172 4417 8261
172 4418 2527
172 4419 5230
172 4420 6917
172 4421 2019
172 4422 9989
172 4423 1448
172 4424 4350
172 4425 7275
172 4426 2676
172 4427 1119
172 4428 9324
172 4429 7797
172 4430 6744
172 4431 2168
172 4432 8290
172 4433 9123
172 4434 5119
172 4435 417
172 4436 2655
172 4437 1492
172 4438 354
172 4439 1958
172 4440 5978
172 4441 8774
172 4442 1069
172 4443 5127
172 4444 6437
172 4445 4337
172 4446 4142
172 4447 490
173 4448 9775
173 4449 9856
173 4450 2308
173 4451 9041
173 4452 7454
173 4453 2182
173 4454 9891
173 4455 5839
173 4456 2803
173 4457 1384
173 4458 2310
173 4459 6087
173 4460 7282
173 4461 1137
173 4462 4862
173 4463 1660
173 4464 7977
173 4465 7344
173 4466 772
173 4467 7586
173 4468 4754
173 4469 840
174 4470 2823
174 4471 904
174 4472 1172
174 4473 4363
174 4474 3840
174 4475 8229
174 4476 3634
174 4477 117
174 4478 660
174 4479 2490
174 4480 6762
174 4481 270
174 4482 92
174 4483 171
174 4484 2455
174 4485 6215
174 4486 5800
174 4487 2489
174 4488 5928
174 4489 9446
174 4490 9925
174 4491 7581
174 4492 7672
174 4493 5993
174 4494 5939
174 4495 6816
174 4496 4613
174 4497 3598
174 4498 7408
174 4499 6170
174 4500 2667
174 4501 18
174 4502 2368
175 4503 7851
175 4504 5934
175 4505 7994
175 4506 8300
175 4507 8177
175 4508 881
175 4509 5243
175 4510 2956
175 4511 3476
175 4512 5647
175 4513 8172
175 4514 4649
175 4515 5376
175 4516 9568
175 4517 7609
175 4518 5617
175 4519 4587
175 4520 6167
175 4521 3863
175 4522 9657
175 4523 7713
175 4524 5572
175 4525 8174
175 4526 5158
175 4527 753
175 4528 7145
175 4529 7568
175 4530 690
175 4531 1495
175 4532 764
175 4533 2832
175 4534 9090
175 4535 7980
175 4536 199
175 4537 4269
175 4538 982
175 4539 5228
175 4540 7010
175 4541 4939
175 4542 3662
175 4543 7419
175 4544 8409
175 4545 6072
176 4546 7699
176 4547 7534
176 4548 4330
176 4549 7409
176 4550 2826
176 4551 9551
176 4552 5614
176 4553 5412
176 4554 4812
176 4555 2041
176 4556 5101
176 4557 8459
176 4558 6775
176 4559 3098
176 4560 8202
176 4561 4198
176 4562 5174
176 4563 5581
176 4564 2124
176 4565 5590
176 4566 5618
176 4567 956
176 4568 2720
176 4569 3646
176 4570 4435
176 4571 1166
176 4572 6327
176 4573 3033
176 4574 3196
176 4575 1960
176 4576 1270
176 4577 1497
177 4578 6137
177 4579 8715
177 4580 9024
177 4581 3300
177 4582 114
177 4583 7576
177 4584 7687
177 4585 4709
177 4586 2284
177 4587 3143
177 4588 8114
177 4589 881
177 4590 6583
177 4591 4131
177 4592 3519
177 4593 3741
177 4594 9710
177 4595 7838
177 4596 7221
177 4597 2013
177 4598 5438
177 4599 8091
177 4600 4600
177 4601 7630
177 4602 4450
177 4603 5676
177 4604 5431
177 4605 2602
177 4606 3145
177 4607 5932
177 4608 7514
177 4609 8514
177 4610 9837
177 4611 3204
177 4612 7561
177 4613 5849
177 4614 1807
177 4615 6839
177 4616 257
177 4617 5332
177 4618 1620
177 4619 8411
178 4620 8458
178 4621 6162
178 4622 4863
178 4623 6414
178 4624 9419
178 4625 6831
178 4626 7257
178 4627 9046
179 4628 4316
179 4629 9814
179 4630 3090
179 4631 8835
179 4632 6402
179 4633 8939
179 4634 1156
179 4635 4620
179 4636 2243
179 4637 6909
179 4638 2587
179 4639 1453
179 4640 1533
179 4641 9921
179 4642 6052
179 4643 7504
179 4644 2022
179 4645 5177
179 4646 7838
179 4647 6796
179 4648 3807
179 4649 6704
179 4650 1750
179 4651 2084
179 4652 3834
179 4653 4597
179 4654 1582
179 4655 6621
179 4656 9060
180 4657 2072
180 4658 2001
180 4659 1699
180 4660 2006
180 4661 9299
180 4662 4258
180 4663 4997
180 4664 1759
180 4665 6448
180 4666 5419
180 4667 2973
180 4668 5744
180 4669 5884
180 4670 2692
180 4671 2559
180 4672 682
180 4673 3471
180 4674 2479
180 4675 1585
180 4676 9051
180 4677 6080
180 4678 1401
180 4679 1039
180 4680 3508
180 4681 8206
180 4682 1519
180 4683 5036
180 4684 2215
180 4685 8659
180 4686 1945
180 4687 6951
180 4688 4779
180 4689 3238
180 4690 4027
180 4691 5134
180 4692 3475
180 4693 4347
181 4694 6649
181 4695 9464
181 4696 3480
181 4697 8354
181 4698 2490
181 4699 8664
181 4700 7509
181 4701 9923
181 4702 2688
181 4703 6987
181 4704 4728
181 4705 2180
182 4706 9612
182 4707 1574
182 4708 3640
182 4709 3948
182 4710 3995
182 4711 5967
182 4712 3717
182 4713 8643
182 4714 1291
182 4715 8218
182 4716 4178
182 4717 9497
182 4718 5884
182 4719 5422
182 4720 1675
182 4721 5604
182 4722 7713
182 4723 293
182 4724 3529
182 4725 6209
182 4726 7073
182 4727 365
182 4728 3972
182 4729 1389
183 4730 8505
183 4731 3026
183 4732 132
183 4733 26
183 4734 670
183 4735 5196
183 4736 9256
183 4737 2698
183 4738 1846
183 4739 187
183 4740 1606
183 4741 3027
183 4742 6115
183 4743 2813
183 4744 6966
183 4745 82
183 4746 1771
183 4747 4294
183 4748 4126
183 4749 6701
183 4750 7442
183 4751 2130
183 4752 7531
183 4753 2903
183 4754 132
183 4755 731
183 4756 6965
183 4757 9290
183 4758 1155
183 4759 4
183 4760 3700
183 4761 5109
183 4762 852
184 4763 1538
184 4764 675
184 4765 8080
184 4766 7308
184 4767 6206
184 4768 8833
184 4769 5361
184 4770 9909
184 4771 1518
184 4772 5151
184 4773 5668
184 4774 135
184 4775 5756
184 4776 1537
184 4777 1767
184 4778 5455
184 4779 6705
184 4780 2949
184 4781 4049
184 4782 9765
184 4783 8773
185 4784 7798
185 4785 8861
185 4786 644
185 4787 507
185 4788 5836
185 4789 1370
185 4790 6890
185 4791 4528
185 4792 7468
185 4793 7310
186 4794 9499
186 4795 9682
186 4796 1481
186 4797 190
186 4798 3230
186 4799 1519
186 4800 3858
186 4801 9629
186 4802 4605
186 4803 7583
187 4804 4199
187 4805 3288
187 4806 1592
187 4807 3010
187 4808 1538
187 4809 35
187 4810 5935
187 4811 6139
187 4812 628
187 4813 2297
187 4814 8160
187 4815 5063
187 4816 7409
187 4817 4803
187 4818 334
187 4819 175
187 4820 1867
187 4821 9818
187 4822 2208
187 4823 9189
187 4824 5015
188 4825 4135
188 4826 7869
188 4827 9224
188 4828 5788
188 4829 662
188 4830 5273
188 4831 323
188 4832 5311
188 4833 755
188 4834 695
188 4835 4920
188 4836 7659
188 4837 5569
188 4838 4495
188 4839 1367
188 4840 3056
188 4841 9729
188 4842 1
188 4843 7829
188 4844 6300
188 4845 7027
188 4846 8672
188 4847 5862
188 4848 5946
188 4849 6511
188 4850 5716
188 4851 2972
188 4852 646
188 4853 9863
188 4854 8337
188 4855 2569
188 4856 2361
188 4857 6036
188 4858 3813
189 4859 1096
189 4860 4065
189 4861 9581
189 4862 6419
189 4863 879
189 4864 14
189 4865 2522
189 4866 3980
189 4867 1658
189 4868 8960
189 4869 9635
189 4870 7372
189 4871 6794
189 4872 7995
189 4873 7285
189 4874 8547
189 4875 855
189 4876 1145
189 4877 1208
189 4878 3040
189 4879 7390
189 4880 2169
189 4881 4473
189 4882 7987
190 4883 6165
190 4884 5572
190 4885 5052
190 4886 5966
190 4887 5919
190 4888 3843
190 4889 1687
191 4890 3944
191 4891 4397
191 4892 9173
191 4893 4609
191 4894 6130
191 4895 9751
191 4896 880
191 4897 6982
191 4898 7964
191 4899 341
191 4900 9168
191 4901 5719
191 4902 9239
191 4903 1114
191 4904 4391
191 4905 7579
191 4906 8197
191 4907 6380
191 4908 4420
191 4909 2277
191 4910 1045
191 4911 116
191 4912 8131
191 4913 1016
191 4914 7780
191 4915 3899
191 4916 1300
191 4917 6875
191 4918 258
191 4919 9674
191 4920 8334
191 4921 1744
191 4922 3449
191 4923 9524
191 4924 8282
191 4925 9486
191 4926 5809
191 4927 9647
191 4928 8555
191 4929 16
191 4930 9717
191 4931 713
191 4932 4810
192 4933 7901
192 4934 1798
192 4935 408
192 4936 2778
192 4937 6803
192 4938 85
192 4939 3915
192 4940 3437
192 4941 2814
192 4942 3502
192 4943 8058
192 4944 3325
192 4945 2313
192 4946 8511
192 4947 8585
192 4948 4091
192 4949 1462
192 4950 210
192 4951 6467
192 4952 9699
193 4953 6952
193 4954 1877
193 4955 8184
193 4956 1695
193 4957 6660
193 4958 3382
193 4959 1830
193 4960 2292
193 4961 7036
193 4962 790
193 4963 5448
193 4964 4358
193 4965 6835
193 4966 5081
193 4967 7446
193 4968 6521
193 4969 404
193 4970 3877
193 4971 3387
193 4972 3088
193 4973 2676
193 4974 5862
193 4975 6710
193 4976 8308
193 4977 6789
193 4978 2617
193 4979 6302
193 4980 7877
193 4981 1543
193 4982 1286
193 4983 5626
193 4984 8634
193 4985 856
193 4986 6528
194 4987 2371
194 4988 2428
194 4989 5172
194 4990 8185
194 4991 4700
194 4992 7786
194 4993 2036
194 4994 3630
194 4995 4927
194 4996 909
194 4997 332
194 4998 7264
194 4999 7847
194 5000 7610
2500
2167 3419
1435 3074
2137 5243
4151 7545
943 3789
3477 1434
3777 5306
3803 7243
3086 2354
2889 7174
4764 6891
1812 1917
878 1862
2947 1521
1301 2215
2081 6792
4082 1294
3251 4663
1902 3536
2401 5954
4453 9419
3452 8987
4095 3587
2873 7465
4623 2102
1360 6075
496 9751
3699 2235
1366 3353
425 7442
4257 1994
2352 6635
3231 138
1590 9033
3890 4543
117 8867
2556 928
4525 9460
2469 1317
3011 9078
1855 8008
3228 2000
1200 5104
2073 3233
4577 3529
1011 330
2372 493
3035 724
246 9314
4849 8028
1685 556
364 5744
3973 413
4116 1806
4942 7272
680 2402
336 2404
3688 8511
4129 5709
546 3589
1652 2456
1424 5857
2862 1958
3641 3597
606 4123
19 6929
1212 4805
2302 4484
2265 5907
3240 8416
4901 1166
3436 6194
466 3560
1527 2607
3883 5268
3823 421
3576 6136
1974 3131
287 1571
4774 8231
4630 5802
2685 4454
741 1457
1181 1422
841 1384
1506 5116
3079 3653
4932 7648
2488 5681
4127 4725
2404 8415
2704 9283
1179 6512
1567 4699
1548 5453
3132 6038
2484 1526
2025 2760
888 5617
3350 1330
2951 6753
2114 1173
2549 6321
4912 2397
1489 8912
2463 8741
3978 724
4083 4166
133 1461
2702 6545
894 663
4177 4408
812 7438
4609 3328
1248 7420
1690 7861
1861 9288
3730 1696
4215 4511
2399 9334
1104 1965
234 8707
946 7499
954 4800
1470 8089
4914 5195
3783 9017
4560 3500
411 7521
2206 1570
3409 1339
4995 6493
1135 5602
4385 3244
4773 6496
4992 8966
3214 5148
146 9812
2375 150
4002 6281
2559 2192
2543 7984
4941 9204
3330 3787
782 5476
1324 8260
4462 3172
649 372
3921 9692
4621 5366
4612 9299
3886 5765
548 2476
30 2426
3544 1422
4481 1596
4248 5148
60 8899
1054 2593
26 6196
479 7208
1952 2254
126 1443
1278 3155
2795 4573
1886 3401
2852 2301
3543 3624
3457 1574
3548 5872
720 9057
2439 2373
3412 6693
1085 8748
4287 2787
4032 7590
1649 2062
1672 4435
1557 8700
2222 7853
975 3626
4707 3321
3268 2377
885 3504
1705 411
1268 9235
2767 6177
517 9998
1585 9278
2903 1824
4576 768
32 2818
4415 2257
3647 3578
2181 9766
2083 5959
4026 3256
1484 8619
2210 7790
370 2765
2848 7243
3286 399
3258 9248
836 9735
1587 2507
91 1455
2235 9927
2946 665
3415 6674
1925 600
619 5681
518 443
584 2887
4363 1572
3043 7295
2671 8503
2390 4121
4318 2823
3391 1758
1589 4049
4789 6769
1403 3367
4373 346
1381 1171
1618 4675
2177 2977
1316 4555
2139 1004
3563 1366
3631 8468
4208 7266
3157 3376
4542 482
3064 3744
4743 6469
50 8941
360 8076
4781 9868
1428 7318
4447 8291
2 4373
238 7009
3474 4781
828 9303
3490 753
451 1096
2839 7541
2681 4265
140 809
3486 4551
4671 5926
4672 2485
1201 5146
1305 790
1793 8370
3335 3736
4973 2008
1230 1236
1462 4482
1515 5336
4627 834
1715 2575
2140 7582
2578 438
528 6185
2269 8115
4428 4768
815 4742
3533 5305
1540 9809
2696 8422
2714 6288
1523 6054
2568 605
1521 8880
4467 2322
4036 7152
4622 3366
414 2849
3738 4412
3916 7497
2932 2623
4517 4323
1130 2258
72 6940
4545 7992
3248 7829
2284 6237
4157 1042
333 3069
1870 4190
678 814
3696 503
813 5130
1296 8978
5 3156
334 7327
2772 4933
2901 7412
2544 5263
4413 7831
987 8210
4213 3381
937 1428
1594 6046
3440 2496
1464 7222
1841 4451
1355 5864
1359 8058
1118 2911
298 4718
971 6856
2764 1471
4981 5854
1651 9404
4669 2272
1198 6083
2106 1246
2824 8067
961 3963
718 197
1913 2572
779 5105
4762 7640
4000 1368
2107 4122
2886 3758
1911 6748
2006 4018
3808 795
1271 5599
1498 9154
3025 807
1065 1655
1554 3779
2566 7569
1094 7748
3617 1895
8 363
1867 7575
1538 1571
292 1491
2668 1772
3171 8780
4929 5700
1044 6340
2518 2725
3435 2369
4320 8011
2607 4590
3413 4285
3107 9376
1405 2417
3158 1958
2834 232
1086 655
2586 7756
216 9291
3845 419
1919 9236
2622 6901
3187 4025
2367 8980
2465 1161
280 8202
1421 1639
4642 4657
4180 379
1283 4954
3473 6083
3749 6704
876 3467
2280 3789
849 9248
1055 6983
3316 2611
2519 1708
3644 1876
3946 4920
2878 3701
4048 1166
296 981
3483 7750
2883 5132
2022 873
341 7815
4968 7847
1153 441
4288 7575
3909 1164
2440 6477
613 4041
4339 2052
1189 44
460 1265
913 4620
1528 5949
740 5523
1927 7294
3161 7368
134 7021
2777 7605
4120 4497
3460 5198
4854 8028
1037 5834
795 5639
4400 2206
4843 8909
4874 4430
2750 6857
3573 3775
2474 6913
1603 1371
3056 3965
3792 207
95 9772
3002 8970
2313 3899
1759 7286
2779 4347
1033 7073
99 802
2715 737
3229 7707
2511 923
391 9356
2483 1482
34 4173
4940 4373
4338 388
1905 2157
3204 283
1885 789
4222 5199
3144 2391
1566 8499
219 2693
4300 8656
2876 2828
2049 9675
4245 167
3519 1023
2341 7897
827 4259
1689 7998
105 8550
4281 7341
1356 2261
1573 1575
3027 2808
1748 6487
4267 1959
3961 1542
338 8775
3786 5270
3684 3160
3598 8780
837 5983
3004 6412
2217 6635
4315 7851
1275 9893
4959 3541
3008 9178
3817 6076
1311 9051
1202 1435
2793 9173
3674 4028
3176 8163
401 656
1647 7006
4242 6988
4573 6029
3669 9676
4336 4297
1865 9277
4523 352
4979 8071
2655 2655
3728 7418
1144 8524
3602 8764
1619 6903
989 2720
3308 3888
2161 7686
982 34
686 9882
2348 5392
3352 2311
3118 6033
4295 4226
1529 9448
4070 2694
4397 8175
4839 5582
3472 3159
2042 9754
4620 4915
1255 8348
1467 5667
2928 5926
2955 6712
1687 477
4442 6668
4624 813
450 7051
760 4675
489 3830
1830 4092
935 8561
931 3898
4008 1252
378 6449
3233 6698
1417 6329
1481 5042
2731 7423
3177 8767
3284 1121
2386 5532
4195 8360
4697 434
2647 8752
2567 1644
4510 6871
4969 4867
3337 5892
2866 5855
3134 4589
4077 3957
1380 8448
1541 6695
3892 7314
2710 6448
2923 9746
2111 9682
3219 2750
4651 5534
4661 1763
481 7876
4760 1942
2721 5950
2665 9079
4374 3190
4033 5285
4844 8759
3844 9734
2150 236
2026 412
4424 898
4233 7785
1787 23
2596 6350
4834 7651
2495 4830
3165 8964
1034 5002
488 1537
3115 484
2909 5386
4394 7595
665 9869
4350 7684
950 8534
3015 7471
1790 1750
2416 7649
1180 6824
715 6934
3205 284
4489 3755
358 2023
2143 2767
3788 5977
3915 8372
671 7037
1431 2447
453 8883
2306 8449
4164 2421
2725 9103
3520 9507
3504 9847
4052 1662
2582 5228
3957 8447
4416 431
2904 5198
4252 5140
2508 4799
2735 1901
2697 3192
3829 6194
682 3300
191 3508
3529 6552
4370 7260
115 1368
3554 9724
2419 9776
4029 597
4869 4813
2339 570
2857 5997
4421 1675
1374 2044
1857 9252
3987 14
3189 512
4727 9876
1737 3154
4284 3664
3549 5912
3830 715
3492 8492
514 9714
627 8742
4692 6336
1136 5261
3332 3627
4958 4776
4074 9667
2055 7608
3032 4461
1915 8295
1196 5008
4556 7980
4787 1945
3243 4025
4555 6114
2068 8712
4359 6700
4802 5739
664 1755
3296 9371
2294 4038
806 5728
3430 8117
4166 4992
1640 3856
2109 7805
1734 9897
2718 2217
2171 8747
4368 7965
2405 5006
2514 1842
2528 3993
699 347
486 1032
4388 4855
2692 4721
350 9809
243 6286
1036 6942
1588 8849
2329 4650
4025 3612
208 8871
1491 3325
212 7437
4759 8473
1041 3377
4863 8016
676 5721
1543 9738
1552 4552
1874 3199
3334 8680
1859 8635
4698 6429
3556 9259
4892 844
1480 5189
4833 1571
685 8909
189 9275
2391 5285
3680 5041
3860 314
1357 3888
3431 4151
3272 7826
76 8812
1549 6837
3642 4362
2406 7970
3905 9740
1996 1139
1680 8060
386 226
4231 1039
166 4689
3289 9880
3881 4025
1063 7834
28 9503
1334 6146
1442 9212
382 2229
3510 4020
2270 7085
443 7860
1419 331
490 8003
2071 3819
2561 2256
4282 2313
3034 8598
2056 3554
4693 744
2796 4904
4431 1329
4132 2980
4598 1221
3124 3119
3981 6403
3729 7000
346 8282
51 6449
1177 6085
790 5186
3000 9826
2998 801
3080 7879
4676 9730
605 8100
1223 1919
3837 9709
3403 5476
1564 7084
2990 3516
4970 8361
78 6204
96 1777
2031 9201
3476 7166
1079 1052
2307 1937
1308 993
3943 7088
4352 3901
2826 693
4174 1008
3232 7963
1514 2077
3202 6651
1486 5219
4675 4317
2301 1525
1068 1168
3360 9684
2466 2493
3503 3608
1071 4779
652 5957
4684 6417
3528 8315
2619 722
903 4616
771 7707
2240 3215
1339 1190
3221 2236
3521 4937
2271 9487
3257 4378
2454 8402
2943 8102
3116 9475
4422 8811
1741 8811
148 3105
1968 2367
1152 1809
4079 7836
4964 8980
2051 6352
310 268
48 7733
1937 108
1599 3200
3608 3080
2233 5838
63 8754
2480 7601
2199 5297
2373 1417
4628 6901
2806 3367
3859 7368
1477 1909
2612 8791
4187 4549
3570 8647
2011 3052
2807 2201
640 8804
4223 6700
1008 117
928 9050
1298 4363
2911 462
1628 6887
3852 8549
1676 921
2741 1146
684 9272
998 6501
4347 4429
4211 8423
3816 2567
4955 7396
184 1051
4015 5037
556 5967
4907 6300
3727 9464
390 2854
377 712
1399 2011
1969 7388
821 5581
4115 4007
4935 7796
4971 4425
1729 6254
1944 1980
4306 8182
4735 5603
4176 7033
2300 1704
4505 6680
4909 2876
201 6065
2134 3042
3756 4918
1312 6087
4591 2675
2732 1803
430 5952
2173 3064
952 5382
4710 8879
4918 4150
1693 8681
3723 1566
932 4246
1241 8122
2675 713
2860 217
3814 3369
4818 3293
4275 8701
187 6130
739 7071
2752 676
1542 1065
1808 2995
863 1503
1307 7701
1496 5204
2621 6479
237 4210
3331 8380
1434 4851
4192 1591
4656 3988
1747 9961
1745 4255
261 9772
4122 5910
1578 3296
3276 4834
275 8353
3042 126
1465 4797
4767 9717
1087 3871
3940 7461
693 8798
58 7915
309 7387
3832 189
2963 1416
2716 1908
1474 8267
696 4438
3200 5758
3569 1401
666 4054
2977 5369
3194 7044
1082 6866
803 4024
2689 1907
656 4863
406 3230
3934 9581
1239 9252
1973 5633
483 1085
4532 2999
4134 1953
4930 8390
1126 3311
1957 4039
4814 2028
158 1038
2104 6268
4159 1888
2799 6651
2927 5985
4452 775
3600 4082
3147 8006
933 2919
2151 5528
2968 2784
2058 8578
1346 6363
2588 2065
2967 1457
1660 8514
64 9483
4635 7648
2347 3324
3428 7117
4549 8232
4605 816
1195 2365
3623 2225
2236 9354
59 4053
988 1739
3882 7331
2667 8428
2460 3163
3298 6399
1292 3601
4225 6090
3384 8578
1100 6807
573 6053
2441 5766
3701 6197
3122 6733
978 340
4690 6048
1183 8444
4797 1812
474 296
256 7159
3735 4630
1890 9719
540 9478
1432 277
2486 8434
968 2822
1106 2535
2864 3169
3061 2420
672 8342
242 7916
1954 5664
3843 5105
719 928
2363 6309
37 2258
4916 8162
1782 445
3689 5053
3580 1326
1875 7756
602 6640
2304 3217
24 1308
3744 8695
4198 9858
3343 6045
1932 3048
1096 4714
1551 9073
623 2444
293 8987
3393 2578
4175 8451
3259 7364
4649 9078
4096 6272
3901 4288
4353 4076
860 6629
4381 3925
2940 6447
958 1828
1508 8639
2570 2104
3299 3421
1928 805
786 5673
1666 4343
339 5620
2037 3856
400 3744
1396 6693
1943 7905
2957 5621
1629 1258
3292 2943
1314 9473
2317 6410
1986 1005
3667 7723
3172 6552
2609 2437
3867 9063
4583 5090
1818 170
1779 8486
3084 3631
1383 3692
81 4286
3281 3253
4581 2046
953 4508
1411 2273
2477 6329
3438 5047
859 8960
802 507
403 1659
4857 2450
3904 9614
3694 7013
1097 4990
1050 159
3310 786
3687 2331
4499 1266
4745 4815
1605 9028
3785 2085
1828 2150
3841 7631
3942 9275
4430 2793
4610 5726
4021 7738
4937 9788
3594 1815
3442 9482
3743 6929
4927 3075
106 2599
1945 8000
2557 4921
3096 7891
1164 6589
4877 2402
4348 189
1279 9514
969 5766
2502 1361
4028 9295
3857 966
4118 2703
1013 7515
4272 9796
240 6374
2733 9143
4783 6840
1547 6582
4846 6205
4259 5598
376 7896
4507 8228
3776 5686
313 1931
1009 2975
4991 9016
4234 4455
3979 7573
4590 1930
3097 3856
154 2808
4803 2781
355 3979
3495 9551
724 7884
3835 553
4061 7974
858 3932
2009 6982
2152 7889
2132 2778
3295 1781
2726 558
3009 7198
3491 4656
388 2616
4170 9792
2524 8955
3379 7426
1718 6133
4508 6572
434 1040
1577 1533
4437 3349
4813 9620
3974 3230
3224 5027
4084 7264
2330 5387
3593 2426
4264 7580
4167 7553
956 999
757 3010
520 4151
1083 8277
3283 7798
4173 2076
2551 344
53 2550
2166 3688
1895 9345
4683 1051
4498 5497
1058 2185
445 21
1348 9117
305 4153
4994 7351
2809 1491
2593 2116
1281 330
14 7563
1019 1730
2412 565
2595 2124
4380 6711
2281 1387
1290 3155
1724 8727
1699 6223
2776 3144
3195 6897
925 6360
3110 6099
2699 929
4130 6275
4633 8098
2984 3577
236 9238
3927 5346
419 3046
1236 2571
365 5682
3297 6060
1507 7700
3678 6431
3439 9584
1224 7056
4785 2503
1784 8137
764 4231
3536 3731
845 9569
984 2811
4064 2234
3045 1925
3411 22
1347 2098
1856 6790
721 9351
4360 8432
1410 561
1277 1387
4149 2781
111 5278
4897 1242
4809 5728
1771 9274
1920 4469
2517 4531
1646 4443
41 4642
2200 9136
2062 5922
1536 1868
3670 3663
1935 1406
351 5655
2849 1728
4478 2780
1018 1129
1772 2001
4731 3946
756 4602
774 7737
4189 6599
4524 8090
1696 1000
1175 8267
322 6616
3552 5845
2227 3098
4487 3574
1234 6893
4220 6602
2453 7802
804 3292
1706 841
3971 1789
3958 3069
442 9542
49 2259
3982 5979
3225 9398
4398 2913
2617 8637
523 5289
3046 8716
658 7072
4186 3387
3819 8977
3496 7290
2319 4148
3069 7076
1122 1141
2974 1377
413 6867
1059 3799
1186 2529
951 1236
4085 2431
3174 2058
2174 8012
4217 9357
4392 3031
3410 5190
3311 3353
4943 6752
3254 9753
4880 424
2411 7183
503 4630
5000 8953
1834 7433
2108 9238
2677 9828
1187 2070
321 913
1178 2442
1998 2726
502 5065
2637 1842
4105 3638
3256 3613
1353 9579
3584 3444
3406 6811
593 986
1788 8399
3162 9143
4876 9734
1532 7944
3591 2226
1654 2840
2393 4822
2175 9415
463 9477
736 7178
251 7818
2690 8564
4161 9298
4572 7915
2615 1363
4657 7535
1163 6719
2708 3638
1171 9296
2369 8816
2736 9446
4441 265
2778 1365
1556 5446
534 2675
283 2339
4410 7654
263 2834
2033 7217
4049 3057
1259 3715
4890 7029
781 3465
615 1959
2975 4432
3198 2705
1656 2428
1967 3378
3589 7527
4067 6642
2994 3391
1418 3682
1826 4678
4378 2547
4850 3692
2497 5103
1404 2734
320 3353
2925 2384
3290 9757
4708 4514
2810 6677
4922 2238
1258 1729
165 1722
185 870
279 5242
311 4338
3146 7590
899 8066
3722 7233
2865 6312
4744 9098
4984 8963
1025 1438
395 8924
4931 7861
4457 5182
4855 4755
2380 9479
3217 9876
17 6638
1579 2849
4842 9451
2611 6325
1636 1208
2121 1349
1209 5868
300 5281
1064 8018
2662 255
2096 4098
2694 3881
4920 1367
4601 7512
3889 2313
1022 4348
2700 780
464 148
116 713
274 916
3716 6250
1813 1174
1795 6837
2545 8475
4564 3684
1539 3094
4468 6939
3858 6702
1545 982
2880 6625
2881 2288
2581 1182
1154 3458
977 6748
3192 5437
1343 7534
2198 538
1158 3279
2775 6545
1 1419
347 7578
702 4373
2743 9549
3017 1985
145 2467
1544 8855
4455 9860
3604 5446
1376 6090
1157 5916
1777 7513
2786 4822
831 8082
4500 9524
515 6415
1843 8914
667 2420
3500 6225
3085 1035
1909 6443
4283 6093
3235 5479
2874 6482
1740 4859
1926 7853
4913 6800
4219 5071
2988 3842
3211 76
4279 4302
1702 2317
922 4271
1254 7124
3718 2752
3253 3687
1400 1531
2934 9504
3293 470
1966 9582
264 3683
1854 8663
4640 6635
4043 4147
4509 4843
1309 267
2515 3428
809 7954
4009 5149
3805 3988
2010 4304
3633 3508
2936 5412
4168 4953
2913 495
1040 5973
2024 2464
3031 5318
1612 9144
4520 1312
4987 8356
2479 9580
4039 4105
4047 6271
4377 3789
2591 2744
2187 5036
2679 9865
2186 3985
4308 8276
2884 4970
2877 4016
4058 5623
1623 3579
1149 167
752 5542
2333 4650
4152 9645
410 3665
1904 4869
2180 4970
1109 1464
3555 9522
90 875
4406 7639
902 3752
511 907
3659 8598
2464 8341
504 3789
4357 188
2587 4949
4982 1557
2229 8298
2832 7088
3572 9798
4938 8429
150 6215
1976 1260
180 6724
3136 7206
4751 4766
2787 6087
4194 7066
4030 2290
870 619
3075 3746
1302 3742
4503 3931
1090 2872
2275 1023
3739 9614
3903 2611
3373 6676
1806 3247
4310 3528
4836 2803
2127 6779
4574 2375
2890 2626
3287 4141
1029 6926
893 2213
1385 8784
4476 4021
4154 2642
3164 3222
3862 5851
1463 5408
2812 7445
435 5653
4645 9481
1367 4006
1524 3015
3707 8319
4383 5861
3575 1235
2207 5856
4856 1860
3998 1497
3571 3605
4158 9241
1767 7869
1643 6867
4544 7809
4238 7496
4944 7235
1981 9605
4757 2167
1642 9961
3806 6172
3715 1876
2558 480
4366 8002
769 4370
986 2074
4571 17
2538 7249
213 1720
4443 4360
4888 4446
1114 4757
3109 1408
2101 8858
840 1673
4529 9092
4504 5386
3932 5185
4341 7150
1884 4356
493 8338
2666 6353
3414 6437
4606 6963
3169 1902
2110 9965
4372 1681
2537 6663
1798 6397
329 4213
3797 440
381 4304
2800 8424
2255 7403
1080 4002
3663 3565
4540 7409
4254 9713
2088 3783
394 1417
1692 352
4019 4041
65 1325
3133 2998
2494 8182
1479 3614
2116 288
2000 9875
3658 3340
167 9864
3640 5960
3752 491
3006 9032
3468 3370
4733 8444
2724 9000
723 7581
2446 9100
3246 2532
525 608
3566 8831
1520 6771
1173 4526
3498 5649
2036 5985
389 7913
947 3832
2249 3731
689 7551
4150 7835
4454 603
879 9841
1242 8298
620 1524
2192 7829
485 7032
1639 6677
1965 2120
1659 8058
4402 914
701 187
289 9771
4867 4648
4687 6625
1842 2865
1448 8609
3148 3023
1553 416
1023 3264
3280 6395
384 3531
4020 3588
4691 2068
4162 3130
3105 6367
4399 5514
1938 4525
4749 3236
4976 2485
2196 1897
847 3728
1763 9788
4183 7515
3935 8211
1020 2197
3388 4660
1313 2283
4827 3617
2739 9528
4365 8578
4205 422
1717 1761
3891 3727
1751 4345
3364 9692
1391 9978
3271 2783
1338 4282
2987 8926
1910 284
3920 8308
2553 6929
4811 1075
661 6823
3448 5340
1963 1435
4616 5754
2208 3240
636 6656
1238 3655
3710 8095
4705 6563
3163 3744
3362 673
707 7734
4486 6680
317 6661
4106 8248
749 1553
3389 6424
1803 7650
794 5702
399 2966
4268 297
3831 7802
125 7303
3637 8833
4214 4640
2183 2040
4784 3043
4080 3194
3944 797
218 4290
3039 8330
4528 4373
2074 599
822 8825
1732 2369
2845 9190
3614 5395
4972 2565
1613 2807
2278 3526
3619 1666
2971 2428
3242 1206
2978 1599
3523 3431
4131 8616
4575 8952
2674 9462
1119 8346
4824 3750
896 3527
3091 9339
47 6487
1170 227
4613 8519
1537 5573
4800 1284
4006 6232
3197 9238
4102 8148
4631 7600
3681 1024
4387 1147
3989 3840
3497 9140
1797 2685
3471 6906
1194 9345
2663 6238
1168 8751
3618 8922
1282 8187
1317 6601
3238 3709
709 5205
1027 9348
537 2644
3338 1691
4207 634
1958 624
1823 7357
3070 1213
1638 2721
618 187
4948 3675
2459 4739
2554 7194
1420 7230
222 3984
4694 1489
1754 4072
3367 8482
3960 799
1443 3213
3822 1131
3833 6736
2273 2703
128 4835
4977 8212
2257 2669
4679 6398
3736 8638
3106 6318
2959 5667
3078 1186
4680 7144
4889 7770
908 8047
630 4984
2321 6545
2644 3150
690 4395
3149 8077
2475 1986
645 1593
3753 738
674 5095
3988 5058
1185 2319
1453 6369
4451 4699
156 1876
4678 5383
871 7058
2636 3544
4298 9989
538 8601
141 7175
3561 6777
3234 7223
1386 68
2973 9343
1143 2007
3173 810
4603 1755
168 9847
3606 9027
6 802
4216 7001
405 2875
4286 6074
2305 5288
2867 7001
3480 9564
369 1151
4790 8621
2711 748
3827 151
4717 3046
2575 1312
2220 7745
1565 2674
985 3413
3807 11
3693 5718
3761 4859
1416 8138
1373 6828
1225 9859
447 964
2952 4967
1738 2600
2431 1131
440 5821
203 378
744 4565
4337 4379
3053 8152
3578 5742
4632 3476
4511 2498
1616 305
1325 489
1760 8952
4436 2670
4369 6564
3444 1342
4138 8791
763 4398
3099 4523
3917 6672
2958 6987
2361 5374
4570 2563
1062 5636
1936 9218
3058 7326
1128 6540
4011 8998
755 0
4014 6473
2897 7824
465 873
2320 9825
2895 7506
492 5303
1439 7321
3508 3911
3447 6476
4321 6195
2746 8292
737 6057
1344 5465
767 7231
3924 4778
716 9967
2906 6358
4054 6810
500 3132
3321 1545
3277 6728
4673 3256
889 2438
1960 7105
2643 2872
2608 5556
4460 1683
4997 7641
1322 3381
2926 4793
3487 1513
4703 4027
1075 5139
3408 6626
1021 6910
3734 1748
3186 6941
4903 5115
2794 7668
2170 2150
13 3661
2091 5325
568 9809
4794 1609
4056 322
1289 6596
3104 6228
426 3860
1123 6676
3261 494
936 1359
4543 9719
2899 586
3628 6424
144 2100
2225 3074
3387 4847
2678 2452
1896 135
2916 3169
923 6743
4323 5467
4243 974
788 1690
2912 68
1606 4165
4552 4348
2392 7800
3956 9530
2649 1259
4646 7870
4200 8434
545 8575
543 2045
3660 7518
3028 6291
2513 9869
506 7787
3139 5961
3568 1203
4007 8084
3991 4402
3443 5014
2646 3541
268 9047
2032 8334
4807 6633
1015 5543
530 6481
396 3070
226 4646
2238 1180
3997 5009
2768 452
4904 8765
3450 6240
1750 297
2343 5311
1017 6583
457 9181
3324 7723
1229 1150
2844 1305
4144 860
3394 6006
319 5823
4840 1999
1345 2107
2563 768
2122 8917
1698 2640
1445 1268
798 9523
983 1100
1727 2108
4614 6289
4557 7232
851 9329
4559 5101
1375 1433
2682 6533
3632 1834
4493 9961
4112 3088
2076 7942
2428 8599
2457 353
2095 8707
431 9232
2933 9928
452 5563
3781 1809
4099 5639
2444 8394
107 4924
4239 9770
4119 8098
1341 4738
1675 5409
1074 4454
3160 8832
4506 715
587 4691
427 9743
1220 4109
4516 6010
2014 3692
1592 9708
748 5660
1503 8293
2642 4773
2063 4552
2815 1059
4685 5638
3005 9626
2478 864
3746 4748
638 2539
3648 2073
1409 9588
1211 5108
3655 5486
2190 9650
3673 1510
1781 1793
3821 6002
2247 3002
2366 9287
3044 975
3294 9310
3949 531
2351 1051
3754 663
1263 7584
3050 5172
647 5748
2061 9656
4961 2253
4068 6262
2859 8284
1028 7744
3873 6141
3269 7341
224 5885
2969 858
1249 1675
161 4302
768 6800
371 9744
2178 7653
2744 9743
1188 4399
2838 9414
1115 3822
2803 1384
2354 1285
3001 4208
2531 2398
4825 9549
753 3925
1985 7998
1423 9357
2762 1135
1678 8534
4650 4770
4035 6485
2384 7737
1835 2023
1731 6360
1991 7677
3539 5640
3899 4143
2836 4787
4212 883
3787 204
4550 2750
4448 3229
945 9572
92 4294
2915 2519
4354 7177
4740 408
4494 3943
409 9213
1392 9332
3376 3997
1045 9157
2982 9767
7 2250
1525 7197
110 4700
2922 8725
2130 7235
4910 4236
3212 9766
1978 1511
3244 8336
2983 4171
734 8909
2761 6713
4917 9823
1775 392
4086 479
2482 4175
1921 1150
4957 7579
4294 6022
4091 2920
3846 6259
84 1002
3601 7508
1454 3478
3249 2067
1667 9194
535 2296
3733 4621
4107 4523
683 522
708 7729
526 144
2894 2308
3054 5589
178 9986
1742 9625
3779 5529
3328 6514
4382 9875
868 8000
3092 9606
1493 4220
2843 1534
121 9579
2413 3070
4990 7713
2648 4202
4714 8656
3318 5775
2541 3149
880 4813
104 3018
1820 4987
4403 929
326 368
796 6493
3850 3041
1789 392
2930 3585
727 5605
1581 7731
3021 110
1169 1996
2490 5120
9 4687
2765 4144
175 2751
2157 9799
1576 5363
4887 5737
2921 9240
1987 6469
614 1801
3143 6826
3665 7742
2481 3832
675 2950
4401 5572
1683 7147
3748 3787
3977 9039
942 2391
3714 2829
4420 3157
4237 1758
4148 6735
2221 3204
2985 6933
3509 1355
3864 1833
1829 2386
2314 9529
2131 3428
2966 4862
2755 1941
2034 8200
2403 750
3869 3803
2377 6435
1882 1912
816 2851
4312 9059
3970 3002
3516 9356
3372 7443
3255 7780
2579 9490
1725 2376
2598 8413
2147 2526
4075 2173
3123 451
2821 2915
3339 8453
864 7283
1501 9208
3652 483
1593 3904
253 5256
3419 7740
3702 6617
1358 45
1600 1740
4638 1381
3931 3414
94 5224
2030 3768
1233 3304
2193 4382
1247 8434
4547 7601
2931 3190
4923 7370
225 426
592 4592
4291 733
2086 28
171 331
3969 7891
4059 7823
1365 5813
484 1839
2802 2572
3153 155
2172 6388
3369 1267
2149 1688
2503 1221
2751 273
4830 1372
4696 8665
2980 6573
1129 9559
4307 2109
448 5120
1206 2915
1662 1852
4349 7451
3422 5304
2900 9518
1047 4686
2398 6813
3103 2454
70 9382
196 6015
2067 8692
3778 2968
1912 7665
3291 2082
2093 1549
1319 7301
1873 2396
3449 7798
962 20
1395 5991
4662 9890
1917 1736
149 5842
2312 5680
742 9609
3023 6709
4142 5183
2214 8957
3888 7128
920 9883
1216 6686
1572 3769
2043 7049
631 9522
1032 744
38 8787
663 222
1340 65
2879 6961
2336 5591
1872 1857
1449 8107
1516 3101
4585 7460
2216 6179
1756 7621
1906 49
598 1647
552 9608
2659 4838
3207 653
1708 766
366 722
439 8234
4896 2487
2327 3750
3605 7893
653 401
1851 196
637 6561
2316 9450
2871 6298
4055 9174
2651 4515
914 1054
1007 7401
3117 8575
98 7944
2585 8406
597 8738
4996 7387
3140 1505
1092 7457
2358 4849
1433 5305
2597 7675
281 6211
3236 2712
260 3391
2138 373
3377 4426
2283 6864
3877 7672
2992 3185
2016 5499
4741 32
4730 4699
3897 511
4619 4321
1291 5776
4589 3060
1736 1665
4502 6701
257 2653
2814 4084
2790 156
46 3403
1850 7000
278 9718
2629 7190
887 7597
2703 7839
941 6167
1608 2073
1073 4499
2976 1247
20 3182
1853 187
3016 5493
3484 8095
3550 7089
3420 3905
1559 4147
3993 5524
3839 9553
3459 6635
585 2070
4110 7275
999 8133
1266 4469
2769 6877
4721 2331
754 2112
230 6962
2758 9984
765 214
2438 2783
775 9912
4440 5153
1923 7711
1620 5229
3900 7341
670 2134
2077 8233
3984 6403
898 4240
2510 5952
1711 8446
3627 9259
4537 330
4872 3884
4554 2209
4495 2826
220 9696
1221 7198
3683 4645
801 2310
2287 3216
2719 3893
1444 6015
4271 7662
4313 8571
643 7280
4695 1859
1323 8244
3596 5016
1459 294
1066 7739
164 9696
35 1891
4928 3087
3098 8096
1485 4644
1370 6796
2937 3165
616 6957
4534 3786
1602 1953
291 540
4663 7806
3662 7567
3645 1165
930 3290
4190 2941
1710 7880
1102 4114
3066 9884
3941 8307
4018 6217
4125 3149
1095 8063
3241 4943
3567 5922
4553 3455
1142 2894
725 6787
1184 6274
2164 6936
2048 8073
1686 3343
3494 9723
1398 6276
3676 9720
1495 4447
3767 9969
1350 8340
3545 5323
2103 6546
4734 9570
3375 6864
1005 8912
3353 2804
3853 6165
4124 2997
4644 5555
2525 3927
1982 6482
3758 6564
3395 266
2944 1029
3769 3841
2610 7501
2819 5711
3842 47
1330 3862
4562 9447
4404 973
2499 9486
4561 4749
4003 4165
1922 8314
1631 2344
4081 912
726 8520
2914 2948
1975 3398
3127 4076
82 2660
3871 5579
3925 769
473 8937
4044 1287
1840 5059
1995 496
3358 3119
2098 1615
325 6002
1035 7238
2986 8745
2605 4622
3402 4139
3799 908
751 9501
651 4140
2813 9098
2683 5631
2576 4169
611 3136
1990 357
100 6320
4301 9899
2035 9372
379 6172
746 4385
1269 1329
2045 7812
4779 7557
2309 5769
18 2310
646 3887
2260 1387
4255 4880
2203 8905
3874 9834
3345 2932
73 5581
3914 5653
3898 4614
469 1620
3390 1638
4235 5316
1078 6872
1891 1297
4072 1084
4926 7979
761 1503
1
